iterations	hundred
9	0
19	0
29	0
39	0
49	0
59	0
69	0
79	0
89	0
99	0
109	0.088
119	0.088
129	0.088
139	0.08
149	0.083
159	0.08
169	0.085
179	0.082
189	0.082
199	0.088
209	0.09
219	0.087
229	0.09
239	0.094
249	0.101
259	0.105
269	0.104
279	0.105
289	0.105
299	0.101
309	0.106
319	0.111
329	0.111
339	0.115
349	0.105
359	0.1
369	0.095
379	0.095
389	0.098
399	0.094
409	0.09
419	0.086
429	0.088
439	0.08
449	0.083
459	0.086
469	0.091
479	0.104
489	0.103
499	0.108
509	0.105
519	0.106
529	0.102
539	0.107
549	0.109
559	0.108
569	0.111
579	0.105
589	0.109
599	0.113
609	0.119
619	0.121
629	0.122
639	0.12
649	0.118
659	0.115
669	0.113
679	0.112
689	0.104
699	0.105
709	0.103
719	0.099
729	0.097
739	0.099
749	0.097
759	0.1
769	0.101
779	0.097
789	0.099
799	0.096
809	0.091
819	0.093
829	0.098
839	0.096
849	0.096
859	0.098
869	0.095
879	0.099
889	0.101
899	0.098
909	0.112
919	0.113
929	0.11
939	0.112
949	0.11
959	0.108
969	0.111
979	0.109
989	0.108
999	0.111
1009	0.106
1019	0.104
1029	0.099
1039	0.099
1049	0.106
1059	0.106
1069	0.106
1079	0.108
1089	0.109
1099	0.108
1109	0.106
1119	0.113
1129	0.119
1139	0.113
1149	0.107
1159	0.107
1169	0.107
1179	0.103
1189	0.099
1199	0.099
1209	0.098
1219	0.093
1229	0.091
1239	0.094
1249	0.099
1259	0.106
1269	0.1
1279	0.108
1289	0.106
1299	0.105
1309	0.1
1319	0.103
1329	0.1
1339	0.101
1349	0.099
1359	0.091
1369	0.09
1379	0.088
1389	0.1
1399	0.101
1409	0.104
1419	0.107
1429	0.112
1439	0.114
1449	0.118
1459	0.121
1469	0.128
1479	0.117
1489	0.107
1499	0.106
1509	0.105
1519	0.098
1529	0.096
1539	0.096
1549	0.096
1559	0.094
1569	0.096
1579	0.1
1589	0.102
1599	0.1
1609	0.104
1619	0.107
1629	0.107
1639	0.102
1649	0.095
1659	0.096
1669	0.091
1679	0.098
1689	0.098
1699	0.099
1709	0.094
1719	0.098
1729	0.097
1739	0.104
1749	0.113
1759	0.112
1769	0.114
1779	0.102
1789	0.106
1799	0.107
1809	0.113
1819	0.104
1829	0.107
1839	0.104
1849	0.097
1859	0.101
1869	0.103
1879	0.112
1889	0.106
1899	0.104
1909	0.095
1919	0.1
1929	0.099
1939	0.098
1949	0.094
1959	0.093
1969	0.093
1979	0.096
1989	0.1
1999	0.102
2009	0.107
2019	0.103
2029	0.102
2039	0.104
2049	0.107
2059	0.102
2069	0.101
2079	0.1
2089	0.103
2099	0.102
2109	0.101
2119	0.102
2129	0.107
2139	0.113
2149	0.117
2159	0.123
2169	0.116
2179	0.113
2189	0.11
2199	0.109
2209	0.112
2219	0.11
2229	0.11
2239	0.101
2249	0.091
2259	0.087
2269	0.096
2279	0.091
2289	0.087
2299	0.089
2309	0.087
2319	0.093
2329	0.093
2339	0.093
2349	0.099
2359	0.101
2369	0.097
2379	0.1
2389	0.097
2399	0.091
2409	0.094
2419	0.09
2429	0.083
2439	0.085
2449	0.087
2459	0.083
2469	0.092
2479	0.094
2489	0.096
2499	0.103
2509	0.097
2519	0.098
2529	0.098
2539	0.105
2549	0.106
2559	0.107
2569	0.098
2579	0.097
2589	0.1
2599	0.092
2609	0.095
2619	0.095
2629	0.098
2639	0.097
2649	0.099
2659	0.104
2669	0.1
2679	0.1
2689	0.1
2699	0.112
2709	0.112
2719	0.112
2729	0.116
2739	0.114
2749	0.111
2759	0.113
2769	0.12
2779	0.124
2789	0.129
2799	0.12
2809	0.121
2819	0.117
2829	0.113
2839	0.105
2849	0.104
2859	0.099
2869	0.098
2879	0.095
2889	0.089
2899	0.088
2909	0.088
2919	0.097
2929	0.1
2939	0.11
2949	0.11
2959	0.11
2969	0.112
2979	0.109
2989	0.114
2999	0.118
3009	0.118
3019	0.114
3029	0.11
3039	0.107
3049	0.107
3059	0.105
3069	0.108
3079	0.11
3089	0.109
3099	0.113
3109	0.113
3119	0.113
3129	0.116
3139	0.113
3149	0.114
3159	0.114
3169	0.102
3179	0.108
3189	0.106
3199	0.097
3209	0.1
3219	0.1
3229	0.093
3239	0.09
3249	0.086
3259	0.082
3269	0.089
3279	0.082
3289	0.079
3299	0.086
3309	0.086
3319	0.083
3329	0.089
3339	0.092
3349	0.095
3359	0.107
3369	0.103
3379	0.107
3389	0.106
3399	0.104
3409	0.104
3419	0.105
3429	0.104
3439	0.103
3449	0.1
3459	0.094
3469	0.1
3479	0.099
3489	0.104
3499	0.106
3509	0.098
3519	0.098
3529	0.107
3539	0.111
3549	0.112
3559	0.111
3569	0.111
3579	0.113
3589	0.111
3599	0.108
3609	0.112
3619	0.115
3629	0.098
3639	0.093
3649	0.096
3659	0.093
3669	0.088
3679	0.078
3689	0.077
3699	0.083
3709	0.084
3719	0.084
3729	0.091
3739	0.095
3749	0.094
3759	0.098
3769	0.106
3779	0.117
3789	0.117
3799	0.114
3809	0.112
3819	0.112
3829	0.12
3839	0.119
3849	0.116
3859	0.111
3869	0.106
3879	0.105
3889	0.11
3899	0.106
3909	0.108
3919	0.101
3929	0.095
3939	0.102
3949	0.106
3959	0.111
3969	0.115
3979	0.11
3989	0.119
3999	0.124
4009	0.118
4019	0.124
4029	0.121
4039	0.111
4049	0.114
4059	0.111
4069	0.105
4079	0.108
4089	0.1
4099	0.095
4109	0.098
4119	0.094
4129	0.099
4139	0.102
4149	0.1
4159	0.099
4169	0.1
4179	0.096
4189	0.095
4199	0.097
4209	0.099
4219	0.101
4229	0.098
4239	0.095
4249	0.095
4259	0.104
4269	0.101
4279	0.104
4289	0.103
4299	0.102
4309	0.104
4319	0.102
4329	0.098
4339	0.095
4349	0.096
4359	0.093
4369	0.092
4379	0.098
4389	0.092
4399	0.094
4409	0.093
4419	0.092
4429	0.094
4439	0.101
4449	0.103
4459	0.106
4469	0.109
4479	0.102
4489	0.103
4499	0.1
4509	0.101
4519	0.107
4529	0.107
4539	0.11
4549	0.112
4559	0.11
4569	0.117
4579	0.121
4589	0.122
4599	0.12
4609	0.115
4619	0.114
4629	0.114
4639	0.107
4649	0.098
4659	0.091
4669	0.083
4679	0.08
4689	0.086
4699	0.082
4709	0.091
4719	0.088
4729	0.09
4739	0.088
4749	0.089
4759	0.091
4769	0.096
4779	0.097
4789	0.091
4799	0.098
4809	0.091
4819	0.092
4829	0.097
4839	0.098
4849	0.101
4859	0.104
4869	0.106
4879	0.104
4889	0.105
4899	0.113
4909	0.116
4919	0.119
4929	0.119
4939	0.114
4949	0.11
4959	0.115
4969	0.108
4979	0.113
4989	0.114
4999	0.112
5009	0.107
5019	0.102
5029	0.097
5039	0.106
5049	0.109
5059	0.104
5069	0.106
5079	0.1
5089	0.097
5099	0.094
5109	0.097
5119	0.1
5129	0.099
5139	0.098
5149	0.1
5159	0.095
5169	0.097
5179	0.101
5189	0.106
5199	0.105
5209	0.109
5219	0.107
5229	0.113
5239	0.115
5249	0.113
5259	0.127
5269	0.126
5279	0.123
5289	0.125
5299	0.121
5309	0.119
5319	0.117
5329	0.115
5339	0.11
5349	0.109
5359	0.1
5369	0.096
5379	0.096
5389	0.093
5399	0.095
5409	0.094
5419	0.1
5429	0.093
5439	0.096
5449	0.095
5459	0.094
5469	0.097
5479	0.104
5489	0.101
5499	0.1
5509	0.099
5519	0.096
5529	0.107
5539	0.106
5549	0.101
5559	0.1
5569	0.106
5579	0.098
5589	0.106
5599	0.109
5609	0.111
5619	0.111
5629	0.101
5639	0.1
5649	0.106
5659	0.105
5669	0.105
5679	0.108
5689	0.095
5699	0.097
5709	0.097
5719	0.102
5729	0.107
5739	0.107
5749	0.108
5759	0.108
5769	0.104
5779	0.103
5789	0.111
5799	0.108
5809	0.105
5819	0.102
5829	0.103
5839	0.099
5849	0.095
5859	0.096
5869	0.09
5879	0.087
5889	0.085
5899	0.084
5909	0.087
5919	0.084
5929	0.08
5939	0.087
5949	0.09
5959	0.093
5969	0.098
5979	0.093
5989	0.095
5999	0.094
6009	0.095
6019	0.103
6029	0.102
6039	0.104
6049	0.102
6059	0.097
6069	0.095
6079	0.103
6089	0.105
6099	0.112
6109	0.106
6119	0.101
6129	0.105
6139	0.102
6149	0.106
6159	0.108
6169	0.112
6179	0.113
6189	0.113
6199	0.105
6209	0.109
6219	0.104
6229	0.104
6239	0.098
6249	0.086
6259	0.091
6269	0.083
6279	0.078
6289	0.071
6299	0.073
6309	0.072
6319	0.074
6329	0.071
6339	0.077
6349	0.089
6359	0.084
6369	0.088
6379	0.087
6389	0.088
6399	0.093
6409	0.09
6419	0.092
6429	0.091
6439	0.092
6449	0.09
6459	0.09
6469	0.094
6479	0.101
6489	0.102
6499	0.102
6509	0.11
6519	0.109
6529	0.112
6539	0.111
6549	0.11
6559	0.11
6569	0.105
6579	0.098
6589	0.097
6599	0.099
6609	0.094
6619	0.097
6629	0.095
6639	0.091
6649	0.092
6659	0.095
6669	0.099
6679	0.103
6689	0.108
6699	0.103
6709	0.104
6719	0.104
6729	0.106
6739	0.113
6749	0.118
6759	0.116
6769	0.111
6779	0.108
6789	0.104
6799	0.102
6809	0.104
6819	0.103
6829	0.102
6839	0.101
6849	0.095
6859	0.095
6869	0.095
6879	0.104
6889	0.106
6899	0.114
6909	0.111
6919	0.108
6929	0.11
6939	0.111
6949	0.113
6959	0.111
6969	0.113
6979	0.11
6989	0.11
6999	0.103
7009	0.103
7019	0.104
7029	0.102
7039	0.099
7049	0.099
7059	0.103
7069	0.101
7079	0.108
7089	0.103
7099	0.101
7109	0.101
7119	0.105
7129	0.107
7139	0.111
7149	0.11
7159	0.108
7169	0.107
7179	0.096
7189	0.102
7199	0.104
7209	0.107
7219	0.107
7229	0.105
7239	0.093
7249	0.097
7259	0.097
7269	0.102
7279	0.1
7289	0.095
7299	0.1
7309	0.108
7319	0.105
7329	0.108
7339	0.117
7349	0.113
7359	0.112
7369	0.109
7379	0.112
7389	0.115
7399	0.111
7409	0.104
7419	0.106
7429	0.099
7439	0.098
7449	0.099
7459	0.097
7469	0.096
7479	0.098
7489	0.1
7499	0.1
7509	0.096
7519	0.093
7529	0.097
7539	0.098
7549	0.095
7559	0.095
7569	0.093
7579	0.096
7589	0.092
7599	0.095
7609	0.095
7619	0.1
7629	0.1
7639	0.098
7649	0.099
7659	0.102
7669	0.106
7679	0.099
7689	0.1
7699	0.096
7709	0.094
7719	0.096
7729	0.095
7739	0.097
7749	0.1
7759	0.101
7769	0.105
7779	0.105
7789	0.107
7799	0.109
7809	0.111
7819	0.103
7829	0.109
7839	0.108
7849	0.106
7859	0.104
7869	0.099
7879	0.097
7889	0.1
7899	0.102
7909	0.101
7919	0.101
7929	0.094
7939	0.098
7949	0.099
7959	0.099
7969	0.098
7979	0.097
7989	0.095
7999	0.089
8009	0.093
8019	0.102
8029	0.104
8039	0.1
8049	0.097
8059	0.1
8069	0.1
8079	0.107
8089	0.108
8099	0.109
8109	0.108
8119	0.098
8129	0.1
8139	0.101
8149	0.102
8159	0.1
8169	0.106
8179	0.107
8189	0.104
8199	0.109
8209	0.11
8219	0.112
8229	0.105
8239	0.102
8249	0.106
8259	0.102
8269	0.099
8279	0.097
8289	0.094
8299	0.089
8309	0.088
8319	0.085
8329	0.093
8339	0.095
8349	0.092
8359	0.096
8369	0.094
8379	0.092
8389	0.098
8399	0.099
8409	0.096
8419	0.097
8429	0.092
8439	0.088
8449	0.091
8459	0.092
8469	0.093
8479	0.09
8489	0.088
8499	0.086
8509	0.086
8519	0.086
8529	0.088
8539	0.093
8549	0.092
8559	0.091
8569	0.096
8579	0.103
8589	0.1
8599	0.097
8609	0.1
8619	0.101
8629	0.1
8639	0.1
8649	0.093
8659	0.103
8669	0.101
8679	0.1
8689	0.105
8699	0.115
8709	0.115
8719	0.118
8729	0.118
8739	0.115
8749	0.124
8759	0.111
8769	0.11
8779	0.111
8789	0.108
8799	0.1
8809	0.1
8819	0.101
8829	0.102
8839	0.105
8849	0.101
8859	0.103
8869	0.098
8879	0.098
8889	0.097
8899	0.095
8909	0.092
8919	0.09
8929	0.085
8939	0.085
8949	0.086
8959	0.093
8969	0.098
8979	0.091
8989	0.092
8999	0.097
9009	0.103
9019	0.106
9029	0.114
9039	0.12
9049	0.122
9059	0.119
9069	0.117
9079	0.12
9089	0.119
9099	0.116
9109	0.111
9119	0.109
9129	0.111
9139	0.102
9149	0.101
9159	0.102
9169	0.104
9179	0.102
9189	0.104
9199	0.112
9209	0.114
9219	0.112
9229	0.107
9239	0.11
9249	0.107
9259	0.106
9269	0.105
9279	0.115
9289	0.116
9299	0.106
9309	0.106
9319	0.105
9329	0.103
9339	0.104
9349	0.106
9359	0.104
9369	0.104
9379	0.097
9389	0.096
9399	0.1
9409	0.104
9419	0.109
9429	0.111
9439	0.111
9449	0.111
9459	0.111
9469	0.114
9479	0.114
9489	0.116
9499	0.115
9509	0.112
9519	0.111
9529	0.113
9539	0.109
9549	0.114
9559	0.113
9569	0.114
9579	0.112
9589	0.111
9599	0.108
9609	0.108
9619	0.107
9629	0.104
9639	0.109
9649	0.104
9659	0.103
9669	0.097
9679	0.097
9689	0.093
9699	0.096
9709	0.098
9719	0.094
9729	0.097
9739	0.093
9749	0.093
9759	0.093
9769	0.095
9779	0.099
9789	0.099
9799	0.102
9809	0.103
9819	0.108
9829	0.108
9839	0.109
9849	0.106
9859	0.119
9869	0.119
9879	0.116
9889	0.117
9899	0.114
9909	0.113
9919	0.114
9929	0.114
9939	0.113
9949	0.119
9959	0.112
9969	0.112
9979	0.113
9989	0.114
9999	0.113
10009	0.113
10019	0.106
10029	0.105
10039	0.104
10049	0.102
10059	0.095
10069	0.092
10079	0.091
10089	0.093
10099	0.092
10109	0.089
10119	0.092
10129	0.086
10139	0.09
10149	0.087
10159	0.093
10169	0.097
10179	0.098
10189	0.096
10199	0.099
10209	0.099
10219	0.104
10229	0.111
10239	0.108
10249	0.108
10259	0.103
10269	0.103
10279	0.106
10289	0.112
10299	0.114
10309	0.112
10319	0.109
10329	0.106
10339	0.108
10349	0.112
10359	0.12
10369	0.118
10379	0.112
10389	0.101
10399	0.098
10409	0.101
10419	0.098
10429	0.096
10439	0.094
10449	0.09
10459	0.083
10469	0.08
10479	0.083
10489	0.088
10499	0.101
10509	0.099
10519	0.097
10529	0.101
10539	0.1
10549	0.103
10559	0.104
10569	0.109
10579	0.11
10589	0.117
10599	0.104
10609	0.106
10619	0.105
10629	0.105
10639	0.105
10649	0.103
10659	0.106
10669	0.11
10679	0.112
10689	0.111
10699	0.111
10709	0.109
10719	0.111
10729	0.113
10739	0.12
10749	0.121
10759	0.117
10769	0.119
10779	0.116
10789	0.113
10799	0.122
10809	0.122
10819	0.126
10829	0.132
10839	0.129
10849	0.127
10859	0.121
10869	0.114
10879	0.116
10889	0.11
10899	0.101
10909	0.106
10919	0.109
10929	0.106
10939	0.105
10949	0.112
10959	0.115
10969	0.115
10979	0.11
10989	0.113
10999	0.117
11009	0.11
11019	0.106
11029	0.104
11039	0.104
11049	0.103
11059	0.104
11069	0.103
11079	0.104
11089	0.105
11099	0.106
11109	0.107
11119	0.107
11129	0.102
11139	0.101
11149	0.094
11159	0.094
11169	0.087
11179	0.086
11189	0.083
11199	0.081
11209	0.083
11219	0.085
11229	0.087
11239	0.087
11249	0.089
11259	0.087
11269	0.095
11279	0.101
11289	0.107
11299	0.102
11309	0.095
11319	0.097
11329	0.097
11339	0.1
11349	0.095
11359	0.103
11369	0.104
11379	0.098
11389	0.092
11399	0.099
11409	0.107
11419	0.101
11429	0.098
11439	0.092
11449	0.098
11459	0.095
11469	0.086
11479	0.087
11489	0.087
11499	0.086
11509	0.083
11519	0.084
11529	0.083
11539	0.089
11549	0.09
11559	0.089
11569	0.093
11579	0.093
11589	0.094
11599	0.093
11609	0.099
11619	0.1
11629	0.105
11639	0.106
11649	0.104
11659	0.1
11669	0.109
11679	0.111
11689	0.116
11699	0.113
11709	0.106
11719	0.109
11729	0.105
11739	0.102
11749	0.106
11759	0.117
11769	0.112
11779	0.114
11789	0.107
11799	0.109
11809	0.108
11819	0.106
11829	0.108
11839	0.103
11849	0.098
11859	0.094
11869	0.098
11879	0.094
11889	0.092
11899	0.092
11909	0.095
11919	0.096
11929	0.098
11939	0.102
11949	0.102
11959	0.101
11969	0.098
11979	0.101
11989	0.112
11999	0.109
12009	0.113
12019	0.107
12029	0.103
12039	0.101
12049	0.103
12059	0.102
12069	0.097
12079	0.098
12089	0.095
12099	0.105
12109	0.106
12119	0.112
12129	0.113
12139	0.114
12149	0.112
12159	0.111
12169	0.117
12179	0.114
12189	0.109
12199	0.1
12209	0.097
12219	0.098
12229	0.103
12239	0.1
12249	0.101
12259	0.102
12269	0.101
12279	0.102
12289	0.107
12299	0.107
12309	0.101
12319	0.1
12329	0.092
12339	0.098
12349	0.096
12359	0.097
12369	0.097
12379	0.095
12389	0.093
12399	0.099
12409	0.111
12419	0.111
12429	0.118
12439	0.119
12449	0.12
12459	0.116
12469	0.113
12479	0.117
12489	0.117
12499	0.112
12509	0.102
12519	0.096
12529	0.096
12539	0.094
12549	0.096
12559	0.103
12569	0.105
12579	0.103
12589	0.103
12599	0.1
12609	0.099
12619	0.104
12629	0.104
12639	0.102
12649	0.101
12659	0.097
12669	0.094
12679	0.095
12689	0.094
12699	0.098
12709	0.099
12719	0.099
12729	0.094
12739	0.093
12749	0.091
12759	0.09
12769	0.093
12779	0.091
12789	0.095
12799	0.091
12809	0.094
12819	0.089
12829	0.09
12839	0.09
12849	0.092
12859	0.092
12869	0.092
12879	0.093
12889	0.089
12899	0.09
12909	0.092
12919	0.102
12929	0.098
12939	0.096
12949	0.104
12959	0.104
12969	0.103
12979	0.106
12989	0.106
12999	0.108
13009	0.109
13019	0.109
13029	0.115
13039	0.121
13049	0.119
13059	0.121
13069	0.125
13079	0.126
13089	0.132
13099	0.136
13109	0.136
13119	0.133
13129	0.134
13139	0.139
13149	0.126
13159	0.126
13169	0.123
13179	0.118
13189	0.113
13199	0.108
13209	0.103
13219	0.104
13229	0.101
13239	0.091
13249	0.101
13259	0.1
13269	0.098
13279	0.097
13289	0.097
13299	0.102
13309	0.098
13319	0.09
13329	0.088
13339	0.092
13349	0.083
13359	0.08
13369	0.08
13379	0.086
13389	0.085
13399	0.08
13409	0.087
13419	0.089
13429	0.09
13439	0.09
13449	0.094
13459	0.098
13469	0.103
13479	0.1
13489	0.104
13499	0.108
13509	0.105
13519	0.11
13529	0.109
13539	0.108
13549	0.116
13559	0.114
13569	0.116
13579	0.114
13589	0.11
13599	0.109
13609	0.115
13619	0.113
13629	0.11
13639	0.114
13649	0.11
13659	0.113
13669	0.113
13679	0.113
13689	0.118
13699	0.112
13709	0.112
13719	0.116
13729	0.127
13739	0.123
13749	0.122
13759	0.123
13769	0.114
13779	0.112
13789	0.109
13799	0.112
13809	0.109
13819	0.106
13829	0.099
13839	0.098
13849	0.097
13859	0.093
13869	0.097
13879	0.103
13889	0.098
13899	0.098
13909	0.094
13919	0.094
13929	0.098
13939	0.098
13949	0.102
13959	0.103
13969	0.1
13979	0.096
13989	0.101
13999	0.103
14009	0.109
14019	0.105
14029	0.103
14039	0.103
14049	0.104
14059	0.098
14069	0.109
14079	0.108
14089	0.111
14099	0.107
14109	0.102
14119	0.101
14129	0.102
14139	0.102
14149	0.097
14159	0.106
14169	0.099
14179	0.105
14189	0.099
14199	0.111
14209	0.108
14219	0.112
14229	0.107
14239	0.111
14249	0.115
14259	0.111
14269	0.117
14279	0.113
14289	0.111
14299	0.105
14309	0.11
14319	0.108
14329	0.11
14339	0.105
14349	0.101
14359	0.104
14369	0.101
14379	0.099
14389	0.106
14399	0.102
14409	0.098
14419	0.101
14429	0.103
14439	0.105
14449	0.108
14459	0.105
14469	0.099
14479	0.099
14489	0.1
14499	0.104
14509	0.107
14519	0.107
14529	0.106
14539	0.104
14549	0.098
14559	0.099
14569	0.104
14579	0.106
14589	0.106
14599	0.105
14609	0.104
14619	0.101
14629	0.099
14639	0.106
14649	0.111
14659	0.115
14669	0.117
14679	0.113
14689	0.111
14699	0.119
14709	0.126
14719	0.133
14729	0.138
14739	0.13
14749	0.127
14759	0.122
14769	0.125
14779	0.131
14789	0.126
14799	0.111
14809	0.11
14819	0.106
14829	0.103
14839	0.113
14849	0.116
14859	0.115
14869	0.104
14879	0.107
14889	0.111
14899	0.113
14909	0.105
14919	0.104
14929	0.104
14939	0.102
14949	0.099
14959	0.1
14969	0.106
14979	0.107
14989	0.11
14999	0.108
15009	0.111
15019	0.111
15029	0.113
15039	0.105
15049	0.101
15059	0.105
15069	0.099
15079	0.095
15089	0.091
15099	0.095
15109	0.095
15119	0.096
15129	0.096
15139	0.094
15149	0.101
15159	0.096
15169	0.102
15179	0.1
15189	0.097
15199	0.096
15209	0.095
15219	0.096
15229	0.091
15239	0.094
15249	0.1
15259	0.101
15269	0.095
15279	0.097
15289	0.097
15299	0.102
15309	0.102
15319	0.1
15329	0.101
15339	0.099
15349	0.089
15359	0.087
15369	0.092
15379	0.088
15389	0.09
15399	0.088
15409	0.087
15419	0.087
15429	0.094
15439	0.099
15449	0.102
15459	0.099
15469	0.099
15479	0.106
15489	0.103
15499	0.1
15509	0.106
15519	0.107
15529	0.102
15539	0.101
15549	0.102
15559	0.105
15569	0.106
15579	0.104
15589	0.107
15599	0.105
15609	0.1
15619	0.098
15629	0.101
15639	0.104
15649	0.101
15659	0.101
15669	0.097
15679	0.101
15689	0.103
15699	0.104
15709	0.106
15719	0.1
15729	0.099
15739	0.093
15749	0.096
15759	0.093
15769	0.094
15779	0.089
15789	0.085
15799	0.089
15809	0.088
15819	0.092
15829	0.094
15839	0.099
15849	0.094
15859	0.102
15869	0.106
15879	0.103
15889	0.104
15899	0.105
15909	0.108
15919	0.109
15929	0.105
15939	0.101
15949	0.103
15959	0.098
15969	0.099
15979	0.097
15989	0.099
15999	0.093
16009	0.094
16019	0.099
16029	0.098
16039	0.098
16049	0.1
16059	0.092
16069	0.087
16079	0.089
16089	0.086
16099	0.089
16109	0.089
16119	0.085
16129	0.086
16139	0.086
16149	0.083
16159	0.092
16169	0.087
16179	0.088
16189	0.089
16199	0.093
16209	0.086
16219	0.092
16229	0.093
16239	0.101
16249	0.105
16259	0.1
16269	0.108
16279	0.105
16289	0.106
16299	0.104
16309	0.106
16319	0.097
16329	0.1
16339	0.095
16349	0.092
16359	0.106
16369	0.101
16379	0.105
16389	0.105
16399	0.107
16409	0.111
16419	0.115
16429	0.112
16439	0.11
16449	0.107
16459	0.096
16469	0.096
16479	0.096
16489	0.099
16499	0.096
16509	0.1
16519	0.101
16529	0.099
16539	0.099
16549	0.099
16559	0.103
16569	0.105
16579	0.104
16589	0.101
16599	0.101
16609	0.094
16619	0.092
16629	0.098
16639	0.098
16649	0.107
16659	0.105
16669	0.11
16679	0.11
16689	0.111
16699	0.11
16709	0.109
16719	0.106
16729	0.099
16739	0.099
16749	0.098
16759	0.102
16769	0.097
16779	0.098
16789	0.095
16799	0.098
16809	0.105
16819	0.108
16829	0.107
16839	0.11
16849	0.102
16859	0.109
16869	0.113
16879	0.109
16889	0.113
16899	0.113
16909	0.107
16919	0.109
16929	0.118
16939	0.118
16949	0.119
16959	0.103
16969	0.104
16979	0.108
16989	0.108
16999	0.113
17009	0.121
17019	0.119
17029	0.117
17039	0.112
17049	0.114
17059	0.122
17069	0.117
17079	0.12
17089	0.118
17099	0.116
17109	0.107
17119	0.108
17129	0.105
17139	0.109
17149	0.108
17159	0.107
17169	0.104
17179	0.1
17189	0.1
17199	0.099
17209	0.105
17219	0.105
17229	0.112
17239	0.108
17249	0.11
17259	0.109
17269	0.113
17279	0.117
17289	0.115
17299	0.122
17309	0.119
17319	0.12
17329	0.109
17339	0.115
17349	0.118
17359	0.113
17369	0.111
17379	0.11
17389	0.11
17399	0.107
17409	0.108
17419	0.109
17429	0.116
17439	0.111
17449	0.113
17459	0.121
17469	0.124
17479	0.125
17489	0.129
17499	0.12
17509	0.121
17519	0.116
17529	0.117
17539	0.118
17549	0.116
17559	0.108
17569	0.106
17579	0.101
17589	0.101
17599	0.111
17609	0.108
17619	0.11
17629	0.106
17639	0.109
17649	0.107
17659	0.112
17669	0.113
17679	0.117
17689	0.115
17699	0.101
17709	0.104
17719	0.105
17729	0.102
17739	0.104
17749	0.105
17759	0.1
17769	0.101
17779	0.101
17789	0.104
17799	0.11
17809	0.109
17819	0.112
17829	0.117
17839	0.114
17849	0.113
17859	0.12
17869	0.119
17879	0.122
17889	0.122
17899	0.125
17909	0.125
17919	0.119
17929	0.126
17939	0.123
17949	0.12
17959	0.116
17969	0.112
17979	0.107
17989	0.105
17999	0.104
18009	0.099
18019	0.101
18029	0.092
18039	0.091
18049	0.098
18059	0.099
18069	0.101
18079	0.096
18089	0.102
18099	0.106
18109	0.11
18119	0.11
18129	0.111
18139	0.115
18149	0.112
18159	0.114
18169	0.113
18179	0.116
18189	0.11
18199	0.102
18209	0.101
18219	0.098
18229	0.098
18239	0.095
18249	0.092
18259	0.09
18269	0.091
18279	0.101
18289	0.1
18299	0.098
18309	0.097
18319	0.1
18329	0.102
18339	0.103
18349	0.103
18359	0.103
18369	0.104
18379	0.096
18389	0.101
18399	0.104
18409	0.101
18419	0.101
18429	0.098
18439	0.1
18449	0.107
18459	0.11
18469	0.114
18479	0.116
18489	0.114
18499	0.116
18509	0.119
18519	0.12
18529	0.116
18539	0.117
18549	0.109
18559	0.107
18569	0.11
18579	0.104
18589	0.109
18599	0.105
18609	0.106
18619	0.102
18629	0.104
18639	0.095
18649	0.094
18659	0.094
18669	0.084
18679	0.084
18689	0.075
18699	0.083
18709	0.088
18719	0.088
18729	0.091
18739	0.099
18749	0.098
18759	0.098
18769	0.099
18779	0.102
18789	0.108
18799	0.105
18809	0.102
18819	0.105
18829	0.114
18839	0.115
18849	0.119
18859	0.123
18869	0.125
18879	0.126
18889	0.121
18899	0.119
18909	0.118
18919	0.118
18929	0.108
18939	0.106
18949	0.109
18959	0.107
18969	0.105
18979	0.101
18989	0.1
18999	0.101
19009	0.101
19019	0.103
19029	0.103
19039	0.101
19049	0.097
19059	0.099
19069	0.099
19079	0.099
19089	0.104
19099	0.108
19109	0.103
19119	0.104
19129	0.102
19139	0.103
19149	0.1
19159	0.098
19169	0.1
19179	0.105
19189	0.103
19199	0.102
19209	0.104
19219	0.098
19229	0.098
19239	0.098
19249	0.099
19259	0.097
19269	0.105
19279	0.101
19289	0.103
19299	0.097
19309	0.1
19319	0.098
19329	0.1
19339	0.099
19349	0.104
19359	0.104
19369	0.096
19379	0.102
19389	0.1
19399	0.105
19409	0.105
19419	0.111
19429	0.108
19439	0.11
19449	0.109
19459	0.111
19469	0.115
19479	0.111
19489	0.108
19499	0.102
19509	0.097
19519	0.093
19529	0.096
19539	0.093
19549	0.091
19559	0.091
19569	0.091
19579	0.09
19589	0.09
19599	0.088
19609	0.091
19619	0.095
19629	0.091
19639	0.099
19649	0.105
19659	0.1
19669	0.099
19679	0.106
19689	0.113
19699	0.118
19709	0.114
19719	0.112
19729	0.116
19739	0.109
19749	0.107
19759	0.112
19769	0.113
19779	0.109
19789	0.099
19799	0.1
19809	0.103
19819	0.103
19829	0.099
19839	0.101
19849	0.096
19859	0.093
19869	0.096
19879	0.095
19889	0.102
19899	0.103
19909	0.099
19919	0.106
19929	0.11
19939	0.111
19949	0.115
19959	0.115
19969	0.105
19979	0.107
19989	0.106
19999	0.107
20009	0.115
20019	0.111
20029	0.108
20039	0.107
20049	0.105
20059	0.107
20069	0.11
20079	0.109
20089	0.109
20099	0.106
20109	0.104
20119	0.098
20129	0.099
20139	0.097
20149	0.094
20159	0.099
20169	0.098
20179	0.095
20189	0.096
20199	0.098
20209	0.1
20219	0.099
20229	0.1
20239	0.102
20249	0.099
20259	0.09
20269	0.09
20279	0.094
20289	0.093
20299	0.092
20309	0.093
20319	0.094
20329	0.098
20339	0.098
20349	0.109
20359	0.106
20369	0.107
20379	0.099
20389	0.098
20399	0.096
20409	0.087
20419	0.091
20429	0.082
20439	0.085
20449	0.078
20459	0.083
20469	0.084
20479	0.088
20489	0.089
20499	0.091
20509	0.102
20519	0.107
20529	0.116
20539	0.115
20549	0.112
20559	0.112
20569	0.116
20579	0.115
20589	0.111
20599	0.104
20609	0.098
20619	0.095
20629	0.094
20639	0.091
20649	0.097
20659	0.096
20669	0.089
20679	0.09
20689	0.097
20699	0.1
20709	0.099
20719	0.101
20729	0.101
20739	0.1
20749	0.094
20759	0.092
20769	0.093
20779	0.095
20789	0.094
20799	0.095
20809	0.1
20819	0.095
20829	0.098
20839	0.098
20849	0.105
20859	0.111
20869	0.108
20879	0.105
20889	0.102
20899	0.103
20909	0.097
20919	0.098
20929	0.093
20939	0.094
20949	0.09
20959	0.088
20969	0.092
20979	0.097
20989	0.101
20999	0.105
21009	0.109
21019	0.109
21029	0.116
21039	0.117
21049	0.115
21059	0.114
21069	0.116
21079	0.116
21089	0.113
21099	0.109
21109	0.103
21119	0.108
21129	0.099
21139	0.102
21149	0.104
21159	0.108
21169	0.109
21179	0.105
21189	0.104
21199	0.111
21209	0.109
21219	0.106
21229	0.109
21239	0.106
21249	0.109
21259	0.108
21269	0.11
21279	0.116
21289	0.115
21299	0.107
21309	0.115
21319	0.108
21329	0.107
21339	0.108
21349	0.108
21359	0.108
21369	0.107
21379	0.099
21389	0.1
21399	0.103
21409	0.101
21419	0.106
21429	0.107
21439	0.104
21449	0.101
21459	0.104
21469	0.105
21479	0.104
21489	0.109
21499	0.112
21509	0.111
21519	0.108
21529	0.107
21539	0.116
21549	0.121
21559	0.117
21569	0.113
21579	0.109
21589	0.106
21599	0.099
21609	0.095
21619	0.101
21629	0.099
21639	0.092
21649	0.093
21659	0.096
21669	0.096
21679	0.109
21689	0.11
21699	0.11
21709	0.111
21719	0.108
21729	0.11
21739	0.116
21749	0.118
21759	0.115
21769	0.117
21779	0.112
21789	0.114
21799	0.119
21809	0.125
21819	0.126
21829	0.125
21839	0.118
21849	0.116
21859	0.115
21869	0.118
21879	0.116
21889	0.112
21899	0.115
21909	0.112
21919	0.104
21929	0.104
21939	0.105
21949	0.107
21959	0.109
21969	0.108
21979	0.11
21989	0.108
21999	0.104
22009	0.099
22019	0.104
22029	0.11
22039	0.111
22049	0.105
22059	0.103
22069	0.094
22079	0.089
22089	0.087
22099	0.093
22109	0.095
22119	0.093
22129	0.094
22139	0.097
22149	0.098
22159	0.092
22169	0.094
22179	0.099
22189	0.099
22199	0.095
22209	0.094
22219	0.096
22229	0.087
22239	0.086
22249	0.079
22259	0.084
22269	0.084
22279	0.085
22289	0.092
22299	0.086
22309	0.094
22319	0.098
22329	0.101
22339	0.096
22349	0.101
22359	0.106
22369	0.102
22379	0.098
22389	0.1
22399	0.104
22409	0.094
22419	0.087
22429	0.085
22439	0.083
22449	0.088
22459	0.084
22469	0.088
22479	0.094
22489	0.086
22499	0.084
22509	0.092
22519	0.098
22529	0.103
22539	0.108
22549	0.103
22559	0.105
22569	0.11
22579	0.111
22589	0.117
22599	0.123
22609	0.125
22619	0.132
22629	0.131
22639	0.133
22649	0.133
22659	0.131
22669	0.132
22679	0.126
22689	0.116
22699	0.108
22709	0.104
22719	0.093
22729	0.094
22739	0.091
22749	0.098
22759	0.096
22769	0.099
22779	0.104
22789	0.109
22799	0.111
22809	0.116
22819	0.117
22829	0.115
22839	0.114
22849	0.112
22859	0.112
22869	0.104
22879	0.105
22889	0.102
22899	0.1
22909	0.095
22919	0.097
22929	0.093
22939	0.094
22949	0.091
22959	0.099
22969	0.1
22979	0.098
22989	0.102
22999	0.103
23009	0.1
23019	0.102
23029	0.104
23039	0.107
23049	0.105
23059	0.099
23069	0.097
23079	0.095
23089	0.1
23099	0.105
23109	0.117
23119	0.118
23129	0.122
23139	0.125
23149	0.128
23159	0.125
23169	0.124
23179	0.121
23189	0.113
23199	0.109
23209	0.105
23219	0.098
23229	0.096
23239	0.087
23249	0.086
23259	0.084
23269	0.081
23279	0.085
23289	0.085
23299	0.085
23309	0.078
23319	0.077
23329	0.074
23339	0.08
23349	0.082
23359	0.083
23369	0.092
23379	0.092
23389	0.095
23399	0.094
23409	0.099
23419	0.102
23429	0.105
23439	0.098
23449	0.093
23459	0.094
23469	0.092
23479	0.088
23489	0.083
23499	0.087
23509	0.085
23519	0.087
23529	0.085
23539	0.093
23549	0.092
23559	0.089
23569	0.086
23579	0.089
23589	0.093
23599	0.089
23609	0.093
23619	0.099
23629	0.102
23639	0.102
23649	0.102
23659	0.11
23669	0.111
23679	0.107
23689	0.111
23699	0.115
23709	0.111
23719	0.105
23729	0.107
23739	0.112
23749	0.115
23759	0.112
23769	0.118
23779	0.124
23789	0.122
23799	0.12
23809	0.117
23819	0.115
23829	0.11
23839	0.105
23849	0.102
23859	0.103
23869	0.097
23879	0.099
23889	0.098
23899	0.104
23909	0.109
23919	0.106
23929	0.104
23939	0.102
23949	0.107
23959	0.108
23969	0.111
23979	0.11
23989	0.111
23999	0.104
24009	0.104
24019	0.111
24029	0.114
24039	0.119
24049	0.117
24059	0.117
24069	0.114
24079	0.11
24089	0.105
24099	0.107
24109	0.107
24119	0.105
24129	0.107
24139	0.103
24149	0.103
24159	0.099
24169	0.1
24179	0.099
24189	0.1
24199	0.096
24209	0.096
24219	0.101
24229	0.102
24239	0.098
24249	0.093
24259	0.094
24269	0.092
24279	0.097
24289	0.106
24299	0.106
24309	0.104
24319	0.102
24329	0.099
24339	0.103
24349	0.107
24359	0.113
24369	0.118
24379	0.114
24389	0.109
24399	0.115
24409	0.112
24419	0.107
24429	0.109
24439	0.107
24449	0.113
24459	0.111
24469	0.107
24479	0.106
24489	0.109
24499	0.101
24509	0.106
24519	0.106
24529	0.109
24539	0.111
24549	0.11
24559	0.105
24569	0.11
24579	0.111
24589	0.113
24599	0.115
24609	0.113
24619	0.114
24629	0.108
24639	0.105
24649	0.102
24659	0.106
24669	0.102
24679	0.104
24689	0.097
24699	0.097
24709	0.101
24719	0.106
24729	0.108
24739	0.104
24749	0.103
24759	0.101
24769	0.102
24779	0.106
24789	0.113
24799	0.112
24809	0.104
24819	0.097
24829	0.098
24839	0.102
24849	0.103
24859	0.102
24869	0.106
24879	0.098
24889	0.089
24899	0.097
24909	0.101
24919	0.104
24929	0.106
24939	0.107
24949	0.111
24959	0.113
24969	0.109
24979	0.117
24989	0.124
24999	0.12
25009	0.113
25019	0.12
25029	0.113
25039	0.114
25049	0.105
25059	0.109
25069	0.105
25079	0.095
25089	0.095
25099	0.094
25109	0.112
25119	0.104
25129	0.111
25139	0.107
25149	0.115
25159	0.111
25169	0.118
25179	0.122
25189	0.122
25199	0.123
25209	0.108
25219	0.11
25229	0.107
25239	0.114
25249	0.113
25259	0.111
25269	0.109
25279	0.114
25289	0.112
25299	0.112
25309	0.115
25319	0.112
25329	0.113
25339	0.105
25349	0.1
25359	0.099
25369	0.102
25379	0.098
25389	0.102
25399	0.104
25409	0.105
25419	0.111
25429	0.115
25439	0.115
25449	0.116
25459	0.118
25469	0.112
25479	0.111
25489	0.104
25499	0.103
25509	0.098
25519	0.093
25529	0.091
25539	0.092
25549	0.094
25559	0.095
25569	0.093
25579	0.097
25589	0.099
25599	0.097
25609	0.105
25619	0.11
25629	0.101
25639	0.104
25649	0.099
25659	0.101
25669	0.106
25679	0.108
25689	0.108
25699	0.109
25709	0.108
25719	0.104
25729	0.107
25739	0.109
25749	0.109
25759	0.106
25769	0.107
25779	0.101
25789	0.097
25799	0.093
25809	0.085
25819	0.083
25829	0.081
25839	0.075
25849	0.075
25859	0.072
25869	0.071
25879	0.072
25889	0.073
25899	0.078
25909	0.086
25919	0.086
25929	0.086
25939	0.092
25949	0.094
25959	0.103
25969	0.102
25979	0.105
25989	0.105
25999	0.105
26009	0.108
26019	0.111
26029	0.116
26039	0.116
26049	0.114
26059	0.117
26069	0.117
26079	0.116
26089	0.12
26099	0.117
26109	0.109
26119	0.106
26129	0.1
26139	0.101
26149	0.1
26159	0.09
26169	0.087
26179	0.088
26189	0.088
26199	0.091
26209	0.094
26219	0.096
26229	0.105
26239	0.097
26249	0.104
26259	0.106
26269	0.117
26279	0.112
26289	0.108
26299	0.107
26309	0.109
26319	0.113
26329	0.104
26339	0.111
26349	0.113
26359	0.116
26369	0.106
26379	0.108
26389	0.109
26399	0.106
26409	0.103
26419	0.101
26429	0.104
26439	0.097
26449	0.093
26459	0.099
26469	0.096
26479	0.097
26489	0.095
26499	0.097
26509	0.097
26519	0.096
26529	0.097
26539	0.102
26549	0.104
26559	0.092
26569	0.097
26579	0.096
26589	0.102
26599	0.101
26609	0.106
26619	0.108
26629	0.115
26639	0.112
26649	0.108
26659	0.116
26669	0.113
26679	0.117
26689	0.113
26699	0.114
26709	0.111
26719	0.107
26729	0.1
26739	0.107
26749	0.116
26759	0.111
26769	0.112
26779	0.111
26789	0.116
26799	0.116
26809	0.121
26819	0.127
26829	0.124
26839	0.123
26849	0.12
26859	0.127
26869	0.126
26879	0.127
26889	0.138
26899	0.139
26909	0.142
26919	0.14
26929	0.148
26939	0.158
26949	0.151
26959	0.149
26969	0.154
26979	0.15
26989	0.133
26999	0.138
27009	0.134
27019	0.136
27029	0.133
27039	0.117
27049	0.124
27059	0.122
27069	0.118
27079	0.129
27089	0.13
27099	0.126
27109	0.119
27119	0.106
27129	0.112
27139	0.115
27149	0.113
27159	0.112
27169	0.12
27179	0.105
27189	0.108
27199	0.109
27209	0.112
27219	0.122
27229	0.116
27239	0.121
27249	0.123
27259	0.124
27269	0.127
27279	0.133
27289	0.136
27299	0.143
27309	0.153
27319	0.153
27329	0.151
27339	0.143
27349	0.148
27359	0.149
27369	0.139
27379	0.142
27389	0.139
27399	0.13
27409	0.113
27419	0.114
27429	0.13
27439	0.142
27449	0.134
27459	0.132
27469	0.136
27479	0.144
27489	0.146
27499	0.158
27509	0.166
27519	0.171
27529	0.154
27539	0.145
27549	0.147
27559	0.15
27569	0.152
27579	0.137
27589	0.148
27599	0.157
27609	0.159
27619	0.162
27629	0.175
27639	0.18
27649	0.179
27659	0.18
27669	0.18
27679	0.18
27689	0.177
27699	0.161
27709	0.155
27719	0.142
27729	0.134
27739	0.138
27749	0.142
27759	0.151
27769	0.141
27779	0.139
27789	0.13
27799	0.135
27809	0.142
27819	0.143
27829	0.149
27839	0.139
27849	0.141
27859	0.125
27869	0.142
27879	0.152
27889	0.152
27899	0.145
27909	0.178
27919	0.179
27929	0.17
27939	0.183
27949	0.181
27959	0.189
27969	0.182
27979	0.183
27989	0.179
27999	0.181
28009	0.148
28019	0.149
28029	0.161
28039	0.148
28049	0.143
28059	0.149
28069	0.15
28079	0.163
28089	0.18
28099	0.186
28109	0.201
28119	0.209
28129	0.206
28139	0.204
28149	0.205
28159	0.212
28169	0.209
28179	0.209
28189	0.196
28199	0.201
28209	0.182
28219	0.18
28229	0.168
28239	0.183
28249	0.182
28259	0.168
28269	0.174
28279	0.154
28289	0.15
28299	0.144
28309	0.147
28319	0.145
28329	0.161
28339	0.146
28349	0.151
28359	0.162
28369	0.162
28379	0.17
28389	0.174
28399	0.174
28409	0.183
28419	0.186
28429	0.188
28439	0.209
28449	0.221
28459	0.2
28469	0.203
28479	0.202
28489	0.206
28499	0.2
28509	0.194
28519	0.194
28529	0.181
28539	0.173
28549	0.159
28559	0.165
28569	0.183
28579	0.178
28589	0.175
28599	0.193
28609	0.2
28619	0.203
28629	0.21
28639	0.212
28649	0.216
28659	0.213
28669	0.193
28679	0.214
28689	0.223
28699	0.224
28709	0.215
28719	0.212
28729	0.212
28739	0.206
28749	0.196
28759	0.2
28769	0.193
28779	0.186
28789	0.176
28799	0.148
28809	0.146
28819	0.143
28829	0.14
28839	0.149
28849	0.154
28859	0.175
28869	0.18
28879	0.167
28889	0.176
28899	0.205
28909	0.205
28919	0.234
28929	0.24
28939	0.233
28949	0.253
28959	0.232
28969	0.241
28979	0.249
28989	0.244
28999	0.228
29009	0.254
29019	0.227
29029	0.213
29039	0.218
29049	0.196
29059	0.2
29069	0.194
29079	0.188
29089	0.183
29099	0.194
29109	0.186
29119	0.215
29129	0.236
29139	0.244
29149	0.265
29159	0.272
29169	0.277
29179	0.283
29189	0.315
29199	0.299
29209	0.281
29219	0.265
29229	0.276
29239	0.26
29249	0.26
29259	0.247
29269	0.238
29279	0.237
29289	0.21
29299	0.222
29309	0.24
29319	0.232
29329	0.198
29339	0.205
29349	0.2
29359	0.213
29369	0.232
29379	0.244
29389	0.248
29399	0.247
29409	0.256
29419	0.258
29429	0.279
29439	0.271
29449	0.274
29459	0.283
29469	0.273
29479	0.273
29489	0.281
29499	0.313
29509	0.302
29519	0.326
29529	0.319
29539	0.339
29549	0.347
29559	0.336
29569	0.361
29579	0.37
29589	0.367
29599	0.344
29609	0.342
29619	0.329
29629	0.334
29639	0.314
29649	0.312
29659	0.319
29669	0.285
29679	0.294
29689	0.294
29699	0.3
29709	0.29
29719	0.299
29729	0.295
29739	0.311
29749	0.3
29759	0.289
29769	0.298
29779	0.295
29789	0.296
29799	0.31
29809	0.32
29819	0.3
29829	0.305
29839	0.307
29849	0.309
29859	0.314
29869	0.324
29879	0.305
29889	0.312
29899	0.297
29909	0.321
29919	0.345
29929	0.35
29939	0.356
29949	0.377
29959	0.38
29969	0.364
29979	0.383
29989	0.376
29999	0.383
30009	0.364
30019	0.355
30029	0.361
30039	0.356
30049	0.376
30059	0.406
30069	0.442
30079	0.443
30089	0.456
30099	0.475
30109	0.474
30119	0.464
30129	0.486
30139	0.505
30149	0.479
30159	0.47
30169	0.47
30179	0.464
30189	0.464
30199	0.451
30209	0.453
30219	0.455
30229	0.42
30239	0.408
30249	0.394
30259	0.393
30269	0.369
30279	0.378
30289	0.372
30299	0.369
30309	0.384
30319	0.414
30329	0.448
30339	0.449
30349	0.443
30359	0.447
30369	0.434
30379	0.423
30389	0.447
30399	0.434
30409	0.43
30419	0.422
30429	0.408
30439	0.439
30449	0.457
30459	0.451
30469	0.47
30479	0.463
30489	0.457
30499	0.45
30509	0.432
30519	0.415
30529	0.423
30539	0.375
30549	0.386
30559	0.409
30569	0.415
30579	0.44
30589	0.442
30599	0.472
30609	0.51
30619	0.494
30629	0.505
30639	0.505
30649	0.482
30659	0.469
30669	0.465
30679	0.454
30689	0.435
30699	0.427
30709	0.424
30719	0.461
30729	0.44
30739	0.459
30749	0.453
30759	0.459
30769	0.468
30779	0.466
30789	0.482
30799	0.476
30809	0.474
30819	0.47
30829	0.477
30839	0.489
30849	0.511
30859	0.519
30869	0.505
30879	0.512
30889	0.513
30899	0.535
30909	0.525
30919	0.532
30929	0.528
30939	0.515
30949	0.528
30959	0.488
30969	0.51
30979	0.517
30989	0.512
30999	0.485
31009	0.49
31019	0.448
31029	0.438
31039	0.426
31049	0.423
31059	0.431
31069	0.418
31079	0.423
31089	0.435
31099	0.432
31109	0.43
31119	0.447
31129	0.47
31139	0.487
31149	0.473
31159	0.513
31169	0.525
31179	0.487
31189	0.473
31199	0.487
31209	0.48
31219	0.481
31229	0.489
31239	0.501
31249	0.513
31259	0.485
31269	0.492
31279	0.535
31289	0.553
31299	0.569
31309	0.581
31319	0.573
31329	0.572
31339	0.568
31349	0.583
31359	0.557
31369	0.544
31379	0.539
31389	0.523
31399	0.52
31409	0.517
31419	0.56
31429	0.562
31439	0.541
31449	0.525
31459	0.575
31469	0.576
31479	0.576
31489	0.591
31499	0.572
31509	0.575
31519	0.574
31529	0.578
31539	0.6
31549	0.588
31559	0.587
31569	0.599
31579	0.575
31589	0.582
31599	0.594
31609	0.606
31619	0.614
31629	0.592
31639	0.615
31649	0.631
31659	0.62
31669	0.62
31679	0.626
31689	0.615
31699	0.633
31709	0.602
31719	0.595
31729	0.619
31739	0.624
31749	0.637
31759	0.646
31769	0.625
31779	0.67
31789	0.68
31799	0.665
31809	0.683
31819	0.672
31829	0.678
31839	0.67
31849	0.662
31859	0.652
31869	0.671
31879	0.658
31889	0.655
31899	0.668
31909	0.7
31919	0.712
31929	0.703
31939	0.713
31949	0.727
31959	0.718
31969	0.75
31979	0.748
31989	0.74
31999	0.734
32009	0.695
32019	0.686
32029	0.695
32039	0.682
32049	0.665
32059	0.694
32069	0.693
32079	0.694
32089	0.71
32099	0.731
32109	0.75
32119	0.765
32129	0.775
32139	0.789
32149	0.796
32159	0.796
32169	0.78
32179	0.769
32189	0.771
32199	0.75
32209	0.746
32219	0.732
32229	0.692
32239	0.671
32249	0.683
32259	0.697
32269	0.711
32279	0.702
32289	0.71
32299	0.719
32309	0.733
32319	0.741
32329	0.769
32339	0.762
32349	0.751
32359	0.733
32369	0.711
32379	0.748
32389	0.731
32399	0.709
32409	0.709
32419	0.701
32429	0.701
32439	0.704
32449	0.715
32459	0.693
32469	0.71
32479	0.684
32489	0.694
32499	0.728
32509	0.715
32519	0.738
32529	0.738
32539	0.735
32549	0.747
32559	0.778
32569	0.755
32579	0.773
32589	0.763
32599	0.755
32609	0.784
32619	0.78
32629	0.781
32639	0.794
32649	0.771
32659	0.769
32669	0.774
32679	0.743
32689	0.76
32699	0.739
32709	0.71
32719	0.723
32729	0.724
32739	0.738
32749	0.742
32759	0.728
32769	0.716
32779	0.746
32789	0.736
32799	0.755
32809	0.757
32819	0.728
32829	0.715
32839	0.706
32849	0.733
32859	0.751
32869	0.772
32879	0.765
32889	0.752
32899	0.752
32909	0.765
32919	0.783
32929	0.795
32939	0.785
32949	0.756
32959	0.735
32969	0.744
32979	0.735
32989	0.764
32999	0.775
33009	0.78
33019	0.753
33029	0.753
33039	0.772
33049	0.794
33059	0.813
33069	0.786
33079	0.793
33089	0.769
33099	0.747
33109	0.749
33119	0.748
33129	0.764
33139	0.765
33149	0.77
33159	0.743
33169	0.764
33179	0.775
33189	0.766
33199	0.779
33209	0.778
33219	0.82
33229	0.783
33239	0.769
33249	0.743
33259	0.761
33269	0.749
33279	0.75
33289	0.743
33299	0.739
33309	0.748
33319	0.734
33329	0.753
33339	0.756
33349	0.764
33359	0.748
33369	0.777
33379	0.776
33389	0.8
33399	0.805
33409	0.78
33419	0.774
33429	0.758
33439	0.767
33449	0.777
33459	0.807
33469	0.797
33479	0.806
33489	0.822
33499	0.831
33509	0.82
33519	0.811
33529	0.821
33539	0.795
33549	0.778
33559	0.775
33569	0.787
33579	0.776
33589	0.777
33599	0.768
33609	0.779
33619	0.799
33629	0.794
33639	0.792
33649	0.792
33659	0.8
33669	0.752
33679	0.723
33689	0.711
33699	0.711
33709	0.71
33719	0.69
33729	0.694
33739	0.725
33749	0.732
33759	0.696
33769	0.729
33779	0.761
33789	0.772
33799	0.759
33809	0.779
33819	0.779
33829	0.78
33839	0.762
33849	0.774
33859	0.775
33869	0.763
33879	0.752
33889	0.749
33899	0.772
33909	0.761
33919	0.79
33929	0.81
33939	0.808
33949	0.79
33959	0.811
33969	0.809
33979	0.819
33989	0.813
33999	0.793
34009	0.804
34019	0.76
34029	0.759
34039	0.749
34049	0.757
34059	0.763
34069	0.782
34079	0.785
34089	0.783
34099	0.773
34109	0.755
34119	0.789
34129	0.758
34139	0.799
34149	0.818
34159	0.828
34169	0.799
34179	0.797
34189	0.781
34199	0.8
34209	0.828
34219	0.825
34229	0.848
34239	0.826
34249	0.809
34259	0.801
34269	0.823
34279	0.832
34289	0.868
34299	0.858
34309	0.856
34319	0.858
34329	0.855
34339	0.855
34349	0.845
34359	0.846
34369	0.844
34379	0.82
34389	0.793
34399	0.796
34409	0.777
34419	0.76
34429	0.755
34439	0.757
34449	0.768
34459	0.76
34469	0.761
34479	0.787
34489	0.786
34499	0.784
34509	0.772
34519	0.772
34529	0.781
34539	0.775
34549	0.774
34559	0.775
34569	0.785
34579	0.759
34589	0.77
34599	0.793
34609	0.81
34619	0.82
34629	0.814
34639	0.822
34649	0.834
34659	0.848
34669	0.826
34679	0.85
34689	0.866
34699	0.845
34709	0.845
34719	0.853
34729	0.859
34739	0.862
34749	0.862
34759	0.85
34769	0.862
34779	0.859
34789	0.851
34799	0.857
34809	0.872
