iterations	thousand
9	0
19	0
29	0
39	0
49	0
59	0
69	0
79	0
89	0
99	0
109	0
119	0
129	0
139	0
149	0
159	0
169	0
179	0
189	0
199	0
209	0
219	0
229	0
239	0
249	0
259	0
269	0
279	0
289	0
299	0
309	0
319	0
329	0
339	0
349	0
359	0
369	0
379	0
389	0
399	0
409	0
419	0
429	0
439	0
449	0
459	0
469	0
479	0
489	0
499	0
509	0
519	0
529	0
539	0
549	0
559	0
569	0
579	0
589	0
599	0
609	0
619	0
629	0
639	0
649	0
659	0
669	0
679	0
689	0
699	0
709	0
719	0
729	0
739	0
749	0
759	0
769	0
779	0
789	0
799	0
809	0
819	0
829	0
839	0
849	0
859	0
869	0
879	0
889	0
899	0
909	0
919	0
929	0
939	0
949	0
959	0
969	0
979	0
989	0
999	0
1009	0.101
1019	0.1008
1029	0.1005
1039	0.1002
1049	0.1008
1059	0.1006
1069	0.1012
1079	0.1016
1089	0.1018
1099	0.1022
1109	0.1028
1119	0.1033
1129	0.1036
1139	0.1035
1149	0.1032
1159	0.1033
1169	0.1034
1179	0.1037
1189	0.1035
1199	0.1033
1209	0.1036
1219	0.1039
1229	0.1037
1239	0.1035
1249	0.103
1259	0.1034
1269	0.103
1279	0.104
1289	0.1036
1299	0.1037
1309	0.103
1319	0.1031
1329	0.1026
1339	0.1021
1349	0.1024
1359	0.1025
1369	0.1025
1379	0.1033
1389	0.1038
1399	0.1044
1409	0.1044
1419	0.1052
1429	0.105
1439	0.1055
1449	0.1059
1459	0.106
1469	0.1062
1479	0.1046
1489	0.1042
1499	0.1042
1509	0.1044
1519	0.1044
1529	0.1044
1539	0.1044
1549	0.1046
1559	0.1046
1569	0.1047
1579	0.1041
1589	0.1035
1599	0.1029
1609	0.1029
1619	0.103
1629	0.1029
1639	0.1026
1649	0.1023
1659	0.1027
1669	0.1025
1679	0.1027
1689	0.1029
1699	0.1023
1709	0.102
1719	0.1029
1729	0.1029
1739	0.1031
1749	0.1039
1759	0.1039
1769	0.1038
1779	0.1032
1789	0.1036
1799	0.1034
1809	0.1042
1819	0.104
1829	0.1038
1839	0.1039
1849	0.104
1859	0.1042
1869	0.1046
1879	0.1045
1889	0.1041
1899	0.104
1909	0.1025
1919	0.1027
1929	0.1027
1939	0.1025
1949	0.1024
1959	0.1027
1969	0.1028
1979	0.1032
1989	0.1033
1999	0.1031
2009	0.1026
2019	0.1026
2029	0.103
2039	0.103
2049	0.1025
2059	0.1023
2069	0.1023
2079	0.1024
2089	0.1027
2099	0.1025
2109	0.1021
2119	0.1015
2129	0.1018
2139	0.103
2149	0.1035
2159	0.1039
2169	0.1032
2179	0.1034
2189	0.1038
2199	0.1035
2209	0.1035
2219	0.1032
2229	0.1037
2239	0.1037
2249	0.1027
2259	0.102
2269	0.1028
2279	0.1017
2289	0.1019
2299	0.1019
2309	0.1022
2319	0.1022
2329	0.103
2339	0.1029
2349	0.1027
2359	0.103
2369	0.1035
2379	0.1029
2389	0.1016
2399	0.1009
2409	0.1012
2419	0.1005
2429	0.1001
2439	0.1
2449	0.0996
2459	0.0992
2469	0.0999
2479	0.1006
2489	0.1005
2499	0.1006
2509	0.1004
2519	0.1005
2529	0.1003
2539	0.1009
2549	0.1006
2559	0.1005
2569	0.1001
2579	0.1003
2589	0.1003
2599	0.0998
2609	0.0995
2619	0.0993
2629	0.0994
2639	0.1004
2649	0.101
2659	0.1013
2669	0.101
2679	0.1005
2689	0.1005
2699	0.1011
2709	0.1013
2719	0.1007
2729	0.1013
2739	0.1014
2749	0.1008
2759	0.1014
2769	0.1016
2779	0.1027
2789	0.1028
2799	0.1024
2809	0.1021
2819	0.102
2829	0.1019
2839	0.1015
2849	0.1015
2859	0.1012
2869	0.1011
2879	0.101
2889	0.1011
2899	0.1008
2909	0.1014
2919	0.1017
2929	0.102
2939	0.1027
2949	0.1031
2959	0.1029
2969	0.103
2979	0.1023
2989	0.1025
2999	0.1024
3009	0.1025
3019	0.1028
3029	0.1028
3039	0.103
3049	0.1031
3059	0.1032
3069	0.1037
3079	0.1033
3089	0.1031
3099	0.1035
3109	0.1037
3119	0.1039
3129	0.1037
3139	0.103
3149	0.1028
3159	0.1023
3169	0.1023
3179	0.1028
3189	0.1027
3199	0.1023
3209	0.1025
3219	0.1029
3229	0.102
3239	0.1019
3249	0.1023
3259	0.1018
3269	0.1016
3279	0.1019
3289	0.1019
3299	0.102
3309	0.1024
3319	0.1019
3329	0.1016
3339	0.1018
3349	0.1019
3359	0.1024
3369	0.1022
3379	0.1026
3389	0.1028
3399	0.1033
3409	0.1034
3419	0.1034
3429	0.1037
3439	0.1036
3449	0.1032
3459	0.1035
3469	0.103
3479	0.1031
3489	0.1036
3499	0.1036
3509	0.1035
3519	0.1034
3529	0.1046
3539	0.1042
3549	0.1038
3559	0.1039
3569	0.1043
3579	0.1047
3589	0.1047
3599	0.1052
3609	0.1052
3619	0.1054
3629	0.1046
3639	0.1038
3649	0.1035
3659	0.1028
3669	0.1031
3679	0.1025
3689	0.1024
3699	0.1023
3709	0.1024
3719	0.1026
3729	0.1021
3739	0.1019
3749	0.1018
3759	0.1013
3769	0.1017
3779	0.1018
3789	0.1012
3799	0.1017
3809	0.1015
3819	0.1021
3829	0.1028
3839	0.1033
3849	0.103
3859	0.1025
3869	0.1025
3879	0.1028
3889	0.1033
3899	0.1035
3909	0.1035
3919	0.1025
3929	0.1023
3939	0.1025
3949	0.1026
3959	0.1026
3969	0.1028
3979	0.1029
3989	0.1038
3999	0.1041
4009	0.1035
4019	0.1035
4029	0.1034
4039	0.1029
4049	0.1033
4059	0.1032
4069	0.1025
4079	0.1027
4089	0.1029
4099	0.1023
4109	0.102
4119	0.1016
4129	0.1017
4139	0.1018
4149	0.1019
4159	0.1017
4169	0.1023
4179	0.1015
4189	0.1018
4199	0.1023
4209	0.1019
4219	0.1017
4229	0.1022
4239	0.1023
4249	0.1028
4259	0.1039
4269	0.1035
4279	0.1037
4289	0.1042
4299	0.1039
4309	0.1037
4319	0.1036
4329	0.1031
4339	0.1026
4349	0.1029
4359	0.1025
4369	0.1024
4379	0.1028
4389	0.1028
4399	0.1029
4409	0.1026
4419	0.1023
4429	0.1021
4439	0.1024
4449	0.1032
4459	0.1037
4469	0.1033
4479	0.1031
4489	0.1027
4499	0.1023
4509	0.1029
4519	0.1032
4529	0.1021
4539	0.1023
4549	0.1032
4559	0.1036
4569	0.1039
4579	0.1039
4589	0.1038
4599	0.1035
4609	0.1032
4619	0.1031
4629	0.1037
4639	0.1037
4649	0.1034
4659	0.1034
4669	0.1034
4679	0.1041
4689	0.1047
4699	0.1034
4709	0.1039
4719	0.1035
4729	0.1036
4739	0.103
4749	0.1029
4759	0.1027
4769	0.1024
4779	0.1021
4789	0.1021
4799	0.1018
4809	0.1018
4819	0.1015
4829	0.1013
4839	0.1009
4849	0.1014
4859	0.102
4869	0.1024
4879	0.102
4889	0.1016
4899	0.1025
4909	0.1026
4919	0.1033
4929	0.1037
4939	0.1021
4949	0.1018
4959	0.1024
4969	0.1017
4979	0.1023
4989	0.1011
4999	0.1013
5009	0.1015
5019	0.1011
5029	0.1013
5039	0.1016
5049	0.1013
5059	0.1017
5069	0.1018
5079	0.1015
5089	0.1008
5099	0.1012
5109	0.1014
5119	0.1017
5129	0.1013
5139	0.1012
5149	0.1013
5159	0.1013
5169	0.1015
5179	0.102
5189	0.1019
5199	0.102
5209	0.1024
5219	0.1023
5229	0.1028
5239	0.1032
5249	0.1031
5259	0.1036
5269	0.104
5279	0.1039
5289	0.1041
5299	0.1039
5309	0.1039
5319	0.1038
5329	0.1045
5339	0.1047
5349	0.1044
5359	0.1043
5369	0.1044
5379	0.1037
5389	0.1042
5399	0.104
5409	0.104
5419	0.1046
5429	0.1044
5439	0.1042
5449	0.1036
5459	0.1031
5469	0.1032
5479	0.1039
5489	0.104
5499	0.104
5509	0.1038
5519	0.1035
5529	0.1044
5539	0.1038
5549	0.1025
5559	0.1021
5569	0.1021
5579	0.1016
5589	0.1024
5599	0.1029
5609	0.1034
5619	0.1032
5629	0.1031
5639	0.1031
5649	0.1033
5659	0.1035
5669	0.1043
5679	0.1044
5689	0.1033
5699	0.1044
5709	0.104
5719	0.1046
5729	0.1048
5739	0.105
5749	0.1052
5759	0.1052
5769	0.1051
5779	0.105
5789	0.1053
5799	0.1054
5809	0.1054
5819	0.1056
5829	0.1054
5839	0.1051
5849	0.1046
5859	0.1044
5869	0.1035
5879	0.1033
5889	0.1033
5899	0.1025
5909	0.1025
5919	0.1021
5929	0.1015
5939	0.1024
5949	0.1026
5959	0.1022
5969	0.1025
5979	0.1013
5989	0.1014
5999	0.1007
6009	0.1013
6019	0.1022
6029	0.102
6039	0.1022
6049	0.1019
6059	0.1015
6069	0.1014
6079	0.1016
6089	0.1022
6099	0.1025
6109	0.1022
6119	0.1023
6129	0.1026
6139	0.1026
6149	0.1025
6159	0.1028
6169	0.1029
6179	0.1028
6189	0.1029
6199	0.1025
6209	0.1022
6219	0.102
6229	0.1017
6239	0.1009
6249	0.0998
6259	0.0992
6269	0.0986
6279	0.0983
6289	0.0975
6299	0.0977
6309	0.0975
6319	0.0977
6329	0.0973
6339	0.0976
6349	0.0978
6359	0.0976
6369	0.0978
6379	0.0974
6389	0.097
6399	0.0975
6409	0.0971
6419	0.0969
6429	0.0971
6439	0.0972
6449	0.0973
6459	0.0972
6469	0.0975
6479	0.0971
6489	0.0971
6499	0.0977
6509	0.0982
6519	0.0982
6529	0.0976
6539	0.0977
6549	0.0982
6559	0.0982
6569	0.0974
6579	0.0971
6589	0.0962
6599	0.0967
6609	0.0965
6619	0.0968
6629	0.097
6639	0.0968
6649	0.0968
6659	0.0972
6669	0.0968
6679	0.0966
6689	0.0975
6699	0.0973
6709	0.0972
6719	0.097
6729	0.0969
6739	0.0974
6749	0.0978
6759	0.098
6769	0.0975
6779	0.0971
6789	0.0968
6799	0.0967
6809	0.0971
6819	0.0971
6829	0.0968
6839	0.0976
6849	0.0978
6859	0.0979
6869	0.098
6879	0.0988
6889	0.0989
6899	0.0997
6909	0.0995
6919	0.0995
6929	0.0998
6939	0.1
6949	0.1001
6959	0.0997
6969	0.0995
6979	0.1005
6989	0.1004
6999	0.1006
7009	0.1003
7019	0.0996
7029	0.0998
7039	0.0995
7049	0.0998
7059	0.1003
7069	0.1001
7079	0.101
7089	0.1002
7099	0.0995
7109	0.0998
7119	0.1
7129	0.1
7139	0.1004
7149	0.1002
7159	0.1003
7169	0.0996
7179	0.0993
7189	0.0991
7199	0.0994
7209	0.0996
7219	0.1003
7229	0.1001
7239	0.0999
7249	0.1013
7259	0.1009
7269	0.1015
7279	0.1015
7289	0.1015
7299	0.1021
7309	0.1032
7319	0.1034
7329	0.1038
7339	0.1039
7349	0.1037
7359	0.1037
7369	0.1036
7379	0.104
7389	0.1042
7399	0.1039
7409	0.1046
7419	0.1048
7429	0.1046
7439	0.1045
7449	0.1046
7459	0.1044
7469	0.1038
7479	0.1037
7489	0.104
7499	0.1037
7509	0.1032
7519	0.1032
7529	0.1031
7539	0.1032
7549	0.1031
7559	0.1029
7569	0.1026
7579	0.1035
7589	0.1035
7599	0.1033
7609	0.1033
7619	0.1035
7629	0.1036
7639	0.1039
7649	0.1038
7659	0.1036
7669	0.1033
7679	0.1031
7689	0.1027
7699	0.1026
7709	0.1023
7719	0.1027
7729	0.1025
7739	0.1023
7749	0.102
7759	0.1021
7769	0.1027
7779	0.1028
7789	0.103
7799	0.1033
7809	0.103
7819	0.1027
7829	0.1032
7839	0.103
7849	0.1031
7859	0.103
7869	0.1031
7879	0.1021
7889	0.1024
7899	0.1021
7909	0.102
7919	0.102
7929	0.1016
7939	0.1017
7949	0.1017
7959	0.1018
7969	0.1016
7979	0.1008
7989	0.1009
7999	0.1007
8009	0.101
8019	0.1018
8029	0.1018
8039	0.1018
8049	0.1015
8059	0.1015
8069	0.1015
8079	0.1007
8089	0.1014
8099	0.1015
8109	0.1017
8119	0.1011
8129	0.1011
8139	0.1008
8149	0.1007
8159	0.1007
8169	0.1014
8179	0.1018
8189	0.1016
8199	0.102
8209	0.102
8219	0.1016
8229	0.1011
8239	0.1017
8249	0.1016
8259	0.1012
8269	0.1011
8279	0.1015
8289	0.1015
8299	0.1009
8309	0.1
8319	0.0996
8329	0.0996
8339	0.0995
8349	0.0995
8359	0.0996
8369	0.0996
8379	0.0995
8389	0.0998
8399	0.0997
8409	0.0992
8419	0.0987
8429	0.0989
8439	0.0985
8449	0.0987
8459	0.0991
8469	0.0993
8479	0.0987
8489	0.0986
8499	0.0983
8509	0.0982
8519	0.098
8529	0.098
8539	0.098
8549	0.0984
8559	0.0987
8569	0.0996
8579	0.0994
8589	0.0994
8599	0.0985
8609	0.0987
8619	0.0981
8629	0.098
8639	0.0982
8649	0.0978
8659	0.0988
8669	0.0991
8679	0.0995
8689	0.0999
8699	0.1004
8709	0.1008
8719	0.1003
8729	0.1003
8739	0.1
8749	0.1002
8759	0.0998
8769	0.0996
8779	0.1001
8789	0.1
8799	0.0995
8809	0.0997
8819	0.1001
8829	0.0996
8839	0.0997
8849	0.0997
8859	0.0997
8869	0.0995
8879	0.1002
8889	0.0997
8899	0.0988
8909	0.0988
8919	0.099
8929	0.0987
8939	0.0984
8949	0.0984
8959	0.0991
8969	0.0995
8979	0.0996
8989	0.0994
8999	0.0996
9009	0.0998
9019	0.0994
9029	0.0997
9039	0.1004
9049	0.1009
9059	0.101
9069	0.1012
9079	0.1009
9089	0.1005
9099	0.1003
9109	0.1001
9119	0.1005
9129	0.1008
9139	0.1005
9149	0.1008
9159	0.1012
9169	0.101
9179	0.1004
9189	0.1005
9199	0.1006
9209	0.1005
9219	0.1005
9229	0.101
9239	0.1013
9249	0.1009
9259	0.1016
9269	0.1016
9279	0.1022
9289	0.1027
9299	0.1023
9309	0.1023
9319	0.1025
9329	0.102
9339	0.1022
9349	0.1023
9359	0.1024
9369	0.1026
9379	0.1027
9389	0.1025
9399	0.1024
9409	0.1031
9419	0.1037
9429	0.1039
9439	0.1045
9449	0.1043
9459	0.1043
9469	0.1047
9479	0.1051
9489	0.1053
9499	0.1053
9509	0.1057
9519	0.1062
9529	0.1064
9539	0.1061
9549	0.1065
9559	0.1065
9569	0.1065
9579	0.106
9589	0.1064
9599	0.1064
9609	0.1065
9619	0.1068
9629	0.1068
9639	0.107
9649	0.1076
9659	0.1065
9669	0.1061
9679	0.1057
9689	0.1052
9699	0.1045
9709	0.1048
9719	0.1044
9729	0.1047
9739	0.1048
9749	0.1045
9759	0.1047
9769	0.1046
9779	0.1045
9789	0.1043
9799	0.1047
9809	0.1051
9819	0.1051
9829	0.1053
9839	0.1052
9849	0.105
9859	0.1063
9869	0.1067
9879	0.1063
9889	0.1063
9899	0.1066
9909	0.1072
9919	0.1075
9929	0.1082
9939	0.108
9949	0.1083
9959	0.1082
9969	0.1081
9979	0.1085
9989	0.1085
9999	0.1082
10009	0.1082
10019	0.1075
10029	0.1073
10039	0.1064
10049	0.1063
10059	0.1058
10069	0.1056
10079	0.1056
10089	0.1059
10099	0.1058
10109	0.106
10119	0.1058
10129	0.1048
10139	0.1052
10149	0.1049
10159	0.1049
10169	0.1049
10179	0.1052
10189	0.1051
10199	0.1045
10209	0.1045
10219	0.105
10229	0.1052
10239	0.105
10249	0.105
10259	0.1046
10269	0.1047
10279	0.1043
10289	0.1047
10299	0.1053
10309	0.1051
10319	0.1054
10329	0.1055
10339	0.1054
10349	0.1056
10359	0.1062
10369	0.1061
10379	0.1058
10389	0.1052
10399	0.1051
10409	0.1048
10419	0.1043
10429	0.104
10439	0.1037
10449	0.1035
10459	0.1034
10469	0.1027
10479	0.1027
10489	0.1024
10499	0.1037
10509	0.1035
10519	0.1029
10529	0.1028
10539	0.1028
10549	0.1024
10559	0.1025
10569	0.1022
10579	0.1025
10589	0.103
10599	0.1033
10609	0.1033
10619	0.1027
10629	0.1029
10639	0.1024
10649	0.1023
10659	0.1028
10669	0.1035
10679	0.104
10689	0.1048
10699	0.1048
10709	0.1044
10719	0.1044
10729	0.1045
10739	0.1051
10749	0.1051
10759	0.1052
10769	0.1059
10779	0.1057
10789	0.1062
10799	0.1068
10809	0.1063
10819	0.1062
10829	0.1069
10839	0.1071
10849	0.1072
10859	0.1054
10869	0.1054
10879	0.1057
10889	0.1055
10899	0.1055
10909	0.1056
10919	0.1057
10929	0.1061
10939	0.1063
10949	0.1065
10959	0.1057
10969	0.1057
10979	0.1054
10989	0.1054
10999	0.1059
11009	0.1053
11019	0.1057
11029	0.106
11039	0.1063
11049	0.1066
11059	0.1066
11069	0.1068
11079	0.1067
11089	0.1066
11099	0.1073
11109	0.1071
11119	0.1072
11129	0.1076
11139	0.1074
11149	0.1073
11159	0.1067
11169	0.1058
11179	0.1055
11189	0.1053
11199	0.1055
11209	0.1055
11219	0.1053
11229	0.1052
11239	0.1053
11249	0.1054
11259	0.1051
11269	0.105
11279	0.105
11289	0.1048
11299	0.1043
11309	0.1038
11319	0.1041
11329	0.1043
11339	0.1045
11349	0.1037
11359	0.1034
11369	0.1036
11379	0.1036
11389	0.1039
11399	0.1044
11409	0.1044
11419	0.1044
11429	0.1045
11439	0.1043
11449	0.1045
11459	0.1046
11469	0.1042
11479	0.104
11489	0.1038
11499	0.1029
11509	0.1028
11519	0.1031
11529	0.1027
11539	0.1032
11549	0.1032
11559	0.1031
11569	0.1026
11579	0.1023
11589	0.1015
11599	0.1018
11609	0.1021
11619	0.1026
11629	0.1027
11639	0.1033
11649	0.1033
11659	0.1025
11669	0.1025
11679	0.1022
11689	0.102
11699	0.102
11709	0.1018
11719	0.1024
11729	0.1019
11739	0.1015
11749	0.1018
11759	0.1025
11769	0.1018
11779	0.102
11789	0.1014
11799	0.1007
11809	0.1004
11819	0.1004
11829	0.0995
11839	0.0989
11849	0.0989
11859	0.0998
11869	0.1002
11879	0.0998
11889	0.0996
11899	0.0998
11909	0.0993
11919	0.0991
11929	0.0987
11939	0.0986
11949	0.0979
11959	0.0984
11969	0.0985
11979	0.0989
11989	0.0995
11999	0.099
12009	0.0996
12019	0.0992
12029	0.0986
12039	0.0983
12049	0.0979
12059	0.0982
12069	0.0979
12079	0.0983
12089	0.0985
12099	0.0989
12109	0.0995
12119	0.0997
12129	0.0997
12139	0.0996
12149	0.0997
12159	0.0999
12169	0.1009
12179	0.1011
12189	0.1011
12199	0.1008
12209	0.1009
12219	0.101
12229	0.1013
12239	0.1009
12249	0.1009
12259	0.1014
12269	0.1015
12279	0.1012
12289	0.1011
12299	0.1013
12309	0.1015
12319	0.1013
12329	0.1008
12339	0.1007
12349	0.101
12359	0.1008
12369	0.1008
12379	0.1009
12389	0.1012
12399	0.1013
12409	0.1019
12419	0.1023
12429	0.1028
12439	0.1034
12449	0.1032
12459	0.1029
12469	0.1035
12479	0.1039
12489	0.1042
12499	0.1039
12509	0.1038
12519	0.1035
12529	0.1041
12539	0.1039
12549	0.1038
12559	0.1043
12569	0.1047
12579	0.1049
12589	0.1051
12599	0.1046
12609	0.1038
12619	0.1039
12629	0.104
12639	0.1035
12649	0.1035
12659	0.104
12669	0.1032
12679	0.1033
12689	0.1029
12699	0.1031
12709	0.1031
12719	0.1029
12729	0.1029
12739	0.1026
12749	0.102
12759	0.1013
12769	0.1013
12779	0.101
12789	0.1017
12799	0.1013
12809	0.1017
12819	0.1012
12829	0.1011
12839	0.1013
12849	0.1014
12859	0.1011
12869	0.1007
12879	0.1009
12889	0.1014
12899	0.1011
12909	0.1014
12919	0.1018
12929	0.1011
12939	0.1007
12949	0.1016
12959	0.1014
12969	0.1012
12979	0.1014
12989	0.1008
12999	0.101
13009	0.101
13019	0.102
13029	0.1023
13039	0.1027
13049	0.1032
13059	0.1033
13069	0.104
13079	0.1042
13089	0.1045
13099	0.1041
13109	0.104
13119	0.1041
13129	0.1044
13139	0.1052
13149	0.1046
13159	0.1048
13169	0.1046
13179	0.1046
13189	0.1049
13199	0.1049
13209	0.1046
13219	0.1047
13229	0.1042
13239	0.1043
13249	0.1046
13259	0.1046
13269	0.1043
13279	0.1041
13289	0.1039
13299	0.1044
13309	0.1043
13319	0.1037
13329	0.1038
13339	0.1037
13349	0.1033
13359	0.1029
13369	0.1026
13379	0.1032
13389	0.1031
13399	0.1025
13409	0.1019
13419	0.1015
13429	0.101
13439	0.1008
13449	0.1007
13459	0.1011
13469	0.1016
13479	0.1015
13489	0.1018
13499	0.1021
13509	0.1022
13519	0.1029
13529	0.1023
13539	0.1022
13549	0.1027
13559	0.1022
13569	0.1027
13579	0.1026
13589	0.1025
13599	0.103
13609	0.1038
13619	0.1038
13629	0.1029
13639	0.1034
13649	0.1036
13659	0.1038
13669	0.1046
13679	0.1044
13689	0.1049
13699	0.1044
13709	0.1051
13719	0.1055
13729	0.1062
13739	0.1064
13749	0.1067
13759	0.1071
13769	0.1067
13779	0.1065
13789	0.1063
13799	0.1065
13809	0.1066
13819	0.1072
13829	0.1071
13839	0.1072
13849	0.1072
13859	0.1072
13869	0.1072
13879	0.1075
13889	0.1072
13899	0.1073
13909	0.1068
13919	0.1064
13929	0.1071
13939	0.1074
13949	0.107
13959	0.1071
13969	0.1069
13979	0.1065
13989	0.1067
13999	0.1068
14009	0.1068
14019	0.106
14029	0.1059
14039	0.1056
14049	0.1055
14059	0.1048
14069	0.1053
14079	0.1047
14089	0.1046
14099	0.1039
14109	0.1034
14119	0.1028
14129	0.1027
14139	0.1019
14149	0.1026
14159	0.1028
14169	0.1029
14179	0.1034
14189	0.1032
14199	0.1042
14209	0.1039
14219	0.1036
14229	0.1033
14239	0.1039
14249	0.104
14259	0.1039
14269	0.1048
14279	0.105
14289	0.1046
14299	0.1045
14309	0.1051
14319	0.1054
14329	0.1055
14339	0.1052
14349	0.1058
14359	0.1063
14369	0.1069
14379	0.1063
14389	0.1067
14399	0.1067
14409	0.1062
14419	0.1066
14429	0.1068
14439	0.1067
14449	0.1072
14459	0.107
14469	0.1065
14479	0.1062
14489	0.1063
14499	0.1063
14509	0.1064
14519	0.1063
14529	0.1065
14539	0.1063
14549	0.1054
14559	0.1055
14569	0.1053
14579	0.1054
14589	0.1059
14599	0.1059
14609	0.1053
14619	0.1051
14629	0.1054
14639	0.1055
14649	0.1055
14659	0.1057
14669	0.1057
14679	0.1054
14689	0.1052
14699	0.1066
14709	0.1067
14719	0.1068
14729	0.1065
14739	0.1062
14749	0.106
14759	0.1056
14769	0.1068
14779	0.1073
14789	0.1069
14799	0.1065
14809	0.1068
14819	0.1068
14829	0.1069
14839	0.1077
14849	0.1079
14859	0.1078
14869	0.1075
14879	0.1077
14889	0.1082
14899	0.108
14909	0.1079
14919	0.1078
14929	0.1075
14939	0.1081
14949	0.1076
14959	0.1075
14969	0.1081
14979	0.1088
14989	0.1091
14999	0.1085
15009	0.1081
15019	0.1084
15029	0.1085
15039	0.1083
15049	0.1073
15059	0.1082
15069	0.1071
15079	0.1075
15089	0.1071
15099	0.1073
15109	0.1074
15119	0.1079
15129	0.1079
15139	0.1075
15149	0.1077
15159	0.1072
15169	0.1074
15179	0.107
15189	0.1069
15199	0.1058
15209	0.1061
15219	0.1063
15229	0.1063
15239	0.1058
15249	0.1062
15259	0.1062
15269	0.1052
15279	0.1054
15289	0.1055
15299	0.1055
15309	0.1053
15319	0.1055
15329	0.1054
15339	0.1052
15349	0.105
15359	0.1045
15369	0.1043
15379	0.1043
15389	0.1039
15399	0.1041
15409	0.1042
15419	0.1041
15429	0.1045
15439	0.1046
15449	0.1044
15459	0.1039
15469	0.1043
15479	0.105
15489	0.1042
15499	0.1037
15509	0.1041
15519	0.1041
15529	0.1041
15539	0.1043
15549	0.1048
15559	0.1045
15569	0.1045
15579	0.1048
15589	0.1043
15599	0.1037
15609	0.1037
15619	0.1038
15629	0.1043
15639	0.1041
15649	0.1038
15659	0.1031
15669	0.1025
15679	0.1036
15689	0.1035
15699	0.1022
15709	0.1017
15719	0.1005
15729	0.1004
15739	0.1004
15749	0.1007
15759	0.1002
15769	0.0994
15779	0.0994
15789	0.0994
15799	0.1
15809	0.0995
15819	0.0991
15829	0.0995
15839	0.099
15849	0.0985
15859	0.0989
15869	0.0996
15879	0.099
15889	0.0987
15899	0.0992
15909	0.0998
15919	0.0996
15929	0.0996
15939	0.0989
15949	0.0989
15959	0.0987
15969	0.0989
15979	0.098
15989	0.0976
15999	0.0977
16009	0.0981
16019	0.0984
16029	0.0981
16039	0.0982
16049	0.0988
16059	0.0974
16069	0.0977
16079	0.0974
16089	0.0971
16099	0.0971
16109	0.0975
16119	0.0973
16129	0.0971
16139	0.0974
16149	0.097
16159	0.097
16169	0.0962
16179	0.0962
16189	0.0963
16199	0.0968
16209	0.0966
16219	0.0969
16229	0.0973
16239	0.0981
16249	0.0975
16259	0.0969
16269	0.0975
16279	0.097
16289	0.0972
16299	0.097
16309	0.097
16319	0.0966
16329	0.0972
16339	0.0977
16349	0.0978
16359	0.0988
16369	0.0984
16379	0.0987
16389	0.0987
16399	0.0989
16409	0.0994
16419	0.0994
16429	0.099
16439	0.0988
16449	0.0983
16459	0.0985
16469	0.0981
16479	0.0977
16489	0.0983
16499	0.0985
16509	0.0988
16519	0.0988
16529	0.0987
16539	0.0986
16549	0.098
16559	0.0983
16569	0.098
16579	0.0977
16589	0.0977
16599	0.0981
16609	0.0982
16619	0.0982
16629	0.0984
16639	0.098
16649	0.0986
16659	0.0987
16669	0.0993
16679	0.0986
16689	0.0985
16699	0.0987
16709	0.0985
16719	0.0988
16729	0.0984
16739	0.0986
16749	0.0988
16759	0.0996
16769	0.0996
16779	0.0995
16789	0.0995
16799	0.0996
16809	0.1002
16819	0.1004
16829	0.0997
16839	0.0997
16849	0.0996
16859	0.1003
16869	0.1003
16879	0.1001
16889	0.1004
16899	0.1004
16909	0.1001
16919	0.1004
16929	0.101
16939	0.1014
16949	0.1012
16959	0.1008
16969	0.1008
16979	0.1012
16989	0.1013
16999	0.1024
17009	0.1028
17019	0.1024
17029	0.1029
17039	0.1028
17049	0.1026
17059	0.1038
17069	0.1038
17079	0.1043
17089	0.1045
17099	0.1051
17109	0.1046
17119	0.1047
17129	0.1048
17139	0.1051
17149	0.1051
17159	0.1053
17169	0.1055
17179	0.1055
17189	0.1056
17199	0.1057
17209	0.1065
17219	0.106
17229	0.1067
17239	0.1058
17249	0.1056
17259	0.1062
17269	0.106
17279	0.1067
17289	0.1065
17299	0.1075
17309	0.1078
17319	0.1083
17329	0.1076
17339	0.1078
17349	0.1082
17359	0.1069
17369	0.107
17379	0.1072
17389	0.107
17399	0.1075
17409	0.1075
17419	0.1077
17429	0.108
17439	0.1079
17449	0.1088
17459	0.1094
17469	0.1098
17479	0.1101
17489	0.11
17499	0.1099
17509	0.1096
17519	0.1092
17529	0.1098
17539	0.1098
17549	0.1105
17559	0.1099
17569	0.1099
17579	0.1098
17589	0.11
17599	0.1109
17609	0.111
17619	0.111
17629	0.1106
17639	0.1109
17649	0.1105
17659	0.1106
17669	0.1102
17679	0.1105
17689	0.1104
17699	0.11
17709	0.1105
17719	0.1109
17729	0.1109
17739	0.1114
17749	0.1112
17759	0.1104
17769	0.1106
17779	0.1108
17789	0.1113
17799	0.1112
17809	0.1109
17819	0.1113
17829	0.1119
17839	0.1118
17849	0.1123
17859	0.1115
17869	0.1112
17879	0.1121
17889	0.1122
17899	0.1124
17909	0.1127
17919	0.1123
17929	0.1127
17939	0.1123
17949	0.1124
17959	0.1128
17969	0.112
17979	0.112
17989	0.1119
17999	0.1115
18009	0.1105
18019	0.1105
18029	0.1102
18039	0.1102
18049	0.1108
18059	0.1105
18069	0.1104
18079	0.1096
18089	0.1103
18099	0.1105
18109	0.1108
18119	0.1107
18129	0.1108
18139	0.1108
18149	0.1112
18159	0.1112
18169	0.1113
18179	0.1112
18189	0.1113
18199	0.1108
18209	0.1104
18219	0.11
18229	0.1094
18239	0.1095
18249	0.1094
18259	0.1093
18269	0.1091
18279	0.1096
18289	0.1098
18299	0.1084
18309	0.1082
18319	0.108
18329	0.1087
18339	0.1083
18349	0.1079
18359	0.1083
18369	0.1084
18379	0.1082
18389	0.1089
18399	0.1081
18409	0.1075
18419	0.1072
18429	0.1069
18439	0.1072
18449	0.1073
18459	0.1072
18469	0.1074
18479	0.1073
18489	0.1074
18499	0.1077
18509	0.1073
18519	0.1076
18529	0.1068
18539	0.1071
18549	0.1066
18559	0.1071
18569	0.1078
18579	0.1076
18589	0.1082
18599	0.1071
18609	0.1071
18619	0.1068
18629	0.1066
18639	0.1057
18649	0.1053
18659	0.1053
18669	0.1049
18679	0.1043
18689	0.1042
18699	0.1053
18709	0.1055
18719	0.1051
18729	0.1055
18739	0.1052
18749	0.1046
18759	0.1051
18769	0.1047
18779	0.1044
18789	0.1046
18799	0.1048
18809	0.1048
18819	0.1044
18829	0.1052
18839	0.1053
18849	0.1052
18859	0.1054
18869	0.1053
18879	0.1048
18889	0.1045
18899	0.1042
18909	0.1041
18919	0.1043
18929	0.1034
18939	0.1036
18949	0.1041
18959	0.1045
18969	0.1046
18979	0.1042
18989	0.104
18999	0.1039
19009	0.1043
19019	0.1045
19029	0.1045
19039	0.1046
19049	0.104
19059	0.1045
19069	0.1044
19079	0.1045
19089	0.1042
19099	0.1041
19109	0.1036
19119	0.1039
19129	0.1036
19139	0.1034
19149	0.1028
19159	0.1029
19169	0.1031
19179	0.1034
19189	0.1035
19199	0.1041
19209	0.1039
19219	0.1039
19229	0.1036
19239	0.1037
19249	0.1035
19259	0.1036
19269	0.1045
19279	0.1034
19289	0.1038
19299	0.104
19309	0.1042
19319	0.1037
19329	0.1034
19339	0.1033
19349	0.1036
19359	0.1037
19369	0.1037
19379	0.104
19389	0.1037
19399	0.1041
19409	0.1046
19419	0.1047
19429	0.1044
19439	0.1043
19449	0.1038
19459	0.1038
19469	0.1038
19479	0.1035
19489	0.1031
19499	0.1027
19509	0.1024
19519	0.102
19529	0.1024
19539	0.1019
19549	0.102
19559	0.1022
19569	0.1019
19579	0.1021
19589	0.1012
19599	0.101
19609	0.1009
19619	0.1013
19629	0.1011
19639	0.1023
19649	0.1031
19659	0.1028
19669	0.1034
19679	0.1043
19689	0.105
19699	0.1045
19709	0.1035
19719	0.1037
19729	0.1036
19739	0.1033
19749	0.104
19759	0.1042
19769	0.1048
19779	0.105
19789	0.1041
19799	0.104
19809	0.1036
19819	0.1035
19829	0.1021
19839	0.1019
19849	0.1017
19859	0.1012
19869	0.1019
19879	0.1019
19889	0.1022
19899	0.1024
19909	0.1017
19919	0.1023
19929	0.1023
19939	0.1024
19949	0.1023
19959	0.102
19969	0.1019
19979	0.1025
19989	0.1028
19999	0.103
20009	0.1031
20019	0.1031
20029	0.1028
20039	0.103
20049	0.1031
20059	0.1028
20069	0.103
20079	0.1035
20089	0.1033
20099	0.1028
20109	0.1032
20119	0.1025
20129	0.1025
20139	0.1024
20149	0.1025
20159	0.1029
20169	0.1028
20179	0.1025
20189	0.1026
20199	0.1024
20209	0.1028
20219	0.1026
20229	0.1027
20239	0.1028
20249	0.1025
20259	0.1022
20269	0.1013
20279	0.1018
20289	0.1016
20299	0.1019
20309	0.1021
20319	0.1022
20329	0.1025
20339	0.1027
20349	0.103
20359	0.1024
20369	0.1024
20379	0.1015
20389	0.1014
20399	0.101
20409	0.1003
20419	0.1002
20429	0.0999
20439	0.1002
20449	0.0999
20459	0.0996
20469	0.0993
20479	0.0992
20489	0.0995
20499	0.0999
20509	0.1008
20519	0.1016
20529	0.1019
20539	0.1024
20549	0.102
20559	0.1017
20569	0.1018
20579	0.1017
20589	0.1016
20599	0.1015
20609	0.1015
20619	0.1016
20629	0.1022
20639	0.1016
20649	0.1012
20659	0.1013
20669	0.1008
20679	0.1001
20689	0.1
20699	0.0997
20709	0.1
20719	0.1005
20729	0.1007
20739	0.1007
20749	0.0999
20759	0.0993
20769	0.0988
20779	0.0987
20789	0.0995
20799	0.0992
20809	0.0997
20819	0.0997
20829	0.1006
20839	0.1004
20849	0.1008
20859	0.1011
20869	0.1
20879	0.0997
20889	0.0995
20899	0.0992
20909	0.0995
20919	0.0989
20929	0.0989
20939	0.0987
20949	0.0983
20959	0.0984
20969	0.0987
20979	0.0987
20989	0.099
20999	0.099
21009	0.0989
21019	0.0987
21029	0.0997
21039	0.0997
21049	0.0993
21059	0.0991
21069	0.0993
21079	0.0994
21089	0.0994
21099	0.0993
21109	0.0988
21119	0.0997
21129	0.0997
21139	0.1002
21149	0.1003
21159	0.1
21169	0.1004
21179	0.1004
21189	0.1002
21199	0.1006
21209	0.0997
21219	0.1004
21229	0.1006
21239	0.1006
21249	0.1013
21259	0.1018
21269	0.1024
21279	0.1026
21289	0.1024
21299	0.1021
21309	0.1019
21319	0.1018
21329	0.1015
21339	0.1016
21349	0.1012
21359	0.102
21369	0.1024
21379	0.1026
21389	0.1026
21399	0.1028
21409	0.1033
21419	0.1033
21429	0.104
21439	0.1035
21449	0.1035
21459	0.1041
21469	0.1045
21479	0.1042
21489	0.1046
21499	0.1049
21509	0.1042
21519	0.1034
21529	0.1031
21539	0.1036
21549	0.1044
21559	0.1046
21569	0.1042
21579	0.1036
21589	0.1041
21599	0.1044
21609	0.1039
21619	0.104
21629	0.1036
21639	0.1037
21649	0.104
21659	0.1046
21669	0.1049
21679	0.1055
21689	0.1054
21699	0.1054
21709	0.1051
21719	0.1047
21729	0.1045
21739	0.1053
21749	0.1064
21759	0.1069
21769	0.1073
21779	0.1072
21789	0.1074
21799	0.1078
21809	0.1076
21819	0.1078
21829	0.1072
21839	0.1073
21849	0.1075
21859	0.1073
21869	0.1083
21879	0.1083
21889	0.1084
21899	0.109
21909	0.1091
21919	0.1084
21929	0.1083
21939	0.1084
21949	0.1092
21959	0.1094
21969	0.1099
21979	0.1096
21989	0.1091
21999	0.1089
22009	0.1081
22019	0.1079
22029	0.1077
22039	0.1078
22049	0.1082
22059	0.1083
22069	0.1077
22079	0.1069
22089	0.1065
22099	0.1073
22109	0.1073
22119	0.1064
22129	0.1072
22139	0.1073
22149	0.1076
22159	0.1067
22169	0.1062
22179	0.1063
22189	0.106
22199	0.1057
22209	0.1058
22219	0.1054
22229	0.105
22239	0.1053
22249	0.1046
22259	0.1043
22269	0.1036
22279	0.1032
22289	0.1037
22299	0.1036
22309	0.1037
22319	0.1044
22329	0.1044
22339	0.1041
22349	0.1039
22359	0.1041
22369	0.1031
22379	0.1031
22389	0.1037
22399	0.1037
22409	0.103
22419	0.1025
22429	0.1022
22439	0.102
22449	0.1026
22459	0.1021
22469	0.1014
22479	0.1021
22489	0.1014
22499	0.1009
22509	0.1011
22519	0.1015
22529	0.1018
22539	0.1012
22549	0.1008
22559	0.1009
22569	0.1011
22579	0.1023
22589	0.1025
22599	0.1033
22609	0.1041
22619	0.1046
22629	0.105
22639	0.1053
22649	0.1048
22659	0.1044
22669	0.1047
22679	0.104
22689	0.1031
22699	0.1031
22709	0.1034
22719	0.1031
22729	0.1034
22739	0.1028
22749	0.1028
22759	0.1025
22769	0.1029
22779	0.1032
22789	0.1026
22799	0.1023
22809	0.1025
22819	0.1022
22829	0.1024
22839	0.1024
22849	0.1024
22859	0.1022
22869	0.1015
22879	0.1021
22889	0.1016
22899	0.1008
22909	0.1008
22919	0.1015
22929	0.1013
22939	0.1013
22949	0.1008
22959	0.1012
22969	0.1007
22979	0.1009
22989	0.101
22999	0.1007
23009	0.1009
23019	0.1013
23029	0.1007
23039	0.1009
23049	0.1008
23059	0.1008
23069	0.101
23079	0.1015
23089	0.1023
23099	0.1019
23109	0.1031
23119	0.1038
23129	0.1035
23139	0.1037
23149	0.1038
23159	0.1041
23169	0.104
23179	0.1037
23189	0.1037
23199	0.1033
23209	0.1042
23219	0.104
23229	0.1044
23239	0.1038
23249	0.1045
23259	0.1041
23269	0.1037
23279	0.1037
23289	0.103
23299	0.1032
23309	0.1026
23319	0.1019
23329	0.1017
23339	0.1022
23349	0.1026
23359	0.1018
23369	0.1027
23379	0.1031
23389	0.1025
23399	0.1022
23409	0.1031
23419	0.1034
23429	0.1037
23439	0.1037
23449	0.1031
23459	0.1028
23469	0.1031
23479	0.1025
23489	0.1022
23499	0.1025
23509	0.1024
23519	0.1023
23529	0.1019
23539	0.1022
23549	0.102
23559	0.1012
23569	0.1007
23579	0.1003
23589	0.0998
23599	0.0991
23609	0.0992
23619	0.099
23629	0.099
23639	0.0991
23649	0.0989
23659	0.0991
23669	0.0986
23679	0.0984
23689	0.0993
23699	0.0998
23709	0.0999
23719	0.1002
23729	0.1003
23739	0.1012
23749	0.1006
23759	0.1007
23769	0.1005
23779	0.1004
23789	0.1006
23799	0.1007
23809	0.1
23819	0.1
23829	0.0998
23839	0.1003
23849	0.0996
23859	0.0998
23869	0.0998
23879	0.0998
23889	0.1002
23899	0.1011
23909	0.1014
23919	0.1009
23929	0.1009
23939	0.1011
23949	0.1012
23959	0.1007
23969	0.1009
23979	0.101
23989	0.1011
23999	0.1012
24009	0.1018
24019	0.1018
24029	0.1019
24039	0.1023
24049	0.1024
24059	0.1025
24069	0.1026
24079	0.1025
24089	0.1016
24099	0.1014
24109	0.1008
24119	0.1005
24129	0.1004
24139	0.1001
24149	0.0999
24159	0.0999
24169	0.1002
24179	0.1003
24189	0.1003
24199	0.1001
24209	0.0999
24219	0.1008
24229	0.101
24239	0.1012
24249	0.1006
24259	0.1009
24269	0.1013
24279	0.1015
24289	0.1024
24299	0.1022
24309	0.1025
24319	0.1033
24329	0.1035
24339	0.1035
24349	0.1031
24359	0.1039
24369	0.1039
24379	0.1037
24389	0.1038
24399	0.1043
24409	0.1038
24419	0.1038
24429	0.1039
24439	0.1044
24449	0.1051
24459	0.1056
24469	0.1054
24479	0.1055
24489	0.1064
24499	0.1057
24509	0.1059
24519	0.1057
24529	0.1063
24539	0.1062
24549	0.1069
24559	0.1072
24569	0.1078
24579	0.1077
24589	0.1084
24599	0.1083
24609	0.1079
24619	0.1072
24629	0.1069
24639	0.1065
24649	0.1069
24659	0.1068
24669	0.1069
24679	0.1074
24689	0.107
24699	0.1065
24709	0.1069
24719	0.1073
24729	0.107
24739	0.1057
24749	0.1057
24759	0.1057
24769	0.1053
24779	0.1056
24789	0.1061
24799	0.1057
24809	0.1056
24819	0.1055
24829	0.1058
24839	0.1054
24849	0.1058
24859	0.1056
24869	0.1062
24879	0.1055
24889	0.1052
24899	0.105
24909	0.1048
24919	0.1053
24929	0.106
24939	0.1059
24949	0.1062
24959	0.1061
24969	0.106
24979	0.1062
24989	0.1065
24999	0.1066
25009	0.1057
25019	0.1062
25029	0.1059
25039	0.1054
25049	0.105
25059	0.1053
25069	0.1051
25079	0.1047
25089	0.1055
25099	0.1053
25109	0.1062
25119	0.1061
25129	0.1063
25139	0.1058
25149	0.1062
25159	0.1065
25169	0.1069
25179	0.107
25189	0.1077
25199	0.108
25209	0.1074
25219	0.107
25229	0.1068
25239	0.1074
25249	0.1082
25259	0.1082
25269	0.1086
25279	0.1087
25289	0.1083
25299	0.1086
25309	0.1085
25319	0.108
25329	0.1082
25339	0.1076
25349	0.1075
25359	0.1068
25369	0.107
25379	0.1071
25389	0.1076
25399	0.1075
25409	0.1078
25419	0.1084
25429	0.1088
25439	0.1084
25449	0.1078
25459	0.1075
25469	0.1075
25479	0.1076
25489	0.1071
25499	0.1077
25509	0.107
25519	0.1071
25529	0.107
25539	0.1065
25549	0.1062
25559	0.1065
25569	0.1058
25579	0.1062
25589	0.1057
25599	0.1059
25609	0.1062
25619	0.1067
25629	0.1063
25639	0.1064
25649	0.1059
25659	0.106
25669	0.1062
25679	0.1066
25689	0.1068
25699	0.1071
25709	0.1069
25719	0.1065
25729	0.1062
25739	0.1069
25749	0.1065
25759	0.1065
25769	0.1067
25779	0.1061
25789	0.1052
25799	0.1052
25809	0.105
25819	0.1051
25829	0.1045
25839	0.1042
25849	0.1037
25859	0.1035
25869	0.1032
25879	0.1035
25889	0.1036
25899	0.1033
25909	0.1035
25919	0.1033
25929	0.1025
25939	0.1027
25949	0.102
25959	0.1025
25969	0.1025
25979	0.1023
25989	0.1017
25999	0.1018
26009	0.103
26019	0.1024
26029	0.1028
26039	0.1029
26049	0.1029
26059	0.1033
26069	0.1037
26079	0.1044
26089	0.1042
26099	0.1041
26109	0.1027
26119	0.1026
26129	0.1017
26139	0.1023
26149	0.1014
26159	0.1012
26169	0.1006
26179	0.101
26189	0.1008
26199	0.1009
26209	0.1013
26219	0.1012
26229	0.1015
26239	0.1006
26249	0.1005
26259	0.1007
26269	0.1014
26279	0.1008
26289	0.1004
26299	0.1004
26309	0.1007
26319	0.1013
26329	0.1006
26339	0.1012
26349	0.1018
26359	0.1024
26369	0.1018
26379	0.1018
26389	0.1011
26399	0.1006
26409	0.1005
26419	0.1003
26429	0.0995
26439	0.0994
26449	0.0995
26459	0.1005
26469	0.1002
26479	0.1004
26489	0.1002
26499	0.1
26509	0.1004
26519	0.1006
26529	0.1001
26539	0.1004
26549	0.1005
26559	0.1002
26569	0.1006
26579	0.1003
26589	0.1005
26599	0.1004
26609	0.1005
26619	0.1004
26629	0.1015
26639	0.1012
26649	0.1014
26659	0.1017
26669	0.1013
26679	0.1012
26689	0.101
26699	0.1009
26709	0.1008
26719	0.1007
26729	0.1008
26739	0.101
26749	0.1021
26759	0.1022
26769	0.1018
26779	0.1022
26789	0.1029
26799	0.1032
26809	0.1044
26819	0.1051
26829	0.1051
26839	0.1058
26849	0.1066
26859	0.1077
26869	0.1073
26879	0.1077
26889	0.1094
26899	0.1093
26909	0.11
26919	0.1105
26929	0.1113
26939	0.1124
26949	0.1123
26959	0.1123
26969	0.1125
26979	0.1122
26989	0.1122
26999	0.1126
27009	0.1126
27019	0.113
27029	0.113
27039	0.1125
27049	0.1133
27059	0.1128
27069	0.1126
27079	0.1135
27089	0.1132
27099	0.1135
27109	0.1136
27119	0.113
27129	0.1142
27139	0.1139
27149	0.1146
27159	0.115
27169	0.1159
27179	0.1152
27189	0.1152
27199	0.1153
27209	0.1154
27219	0.1156
27229	0.1153
27239	0.1163
27249	0.1165
27259	0.1168
27269	0.1169
27279	0.1173
27289	0.118
27299	0.1189
27309	0.1198
27319	0.1196
27329	0.12
27339	0.1195
27349	0.12
27359	0.1201
27369	0.1202
27379	0.1207
27389	0.121
27399	0.1213
27409	0.1208
27419	0.1209
27429	0.1226
27439	0.124
27449	0.1241
27459	0.1234
27469	0.1242
27479	0.1254
27489	0.1261
27499	0.1274
27509	0.1277
27519	0.1284
27529	0.1283
27539	0.1283
27549	0.1284
27559	0.1292
27569	0.1297
27579	0.1295
27589	0.1307
27599	0.133
27609	0.133
27619	0.1338
27629	0.1343
27639	0.1351
27649	0.1355
27659	0.1356
27669	0.1364
27679	0.1358
27689	0.1371
27699	0.1377
27709	0.1374
27719	0.1373
27729	0.1377
27739	0.1382
27749	0.1381
27759	0.1396
27769	0.1393
27779	0.1386
27789	0.1385
27799	0.1396
27809	0.1395
27819	0.1389
27829	0.1402
27839	0.1398
27849	0.1402
27859	0.1394
27869	0.1409
27879	0.1411
27889	0.1399
27899	0.1402
27909	0.1431
27919	0.1428
27929	0.1424
27939	0.1423
27949	0.1432
27959	0.1434
27969	0.1437
27979	0.1444
27989	0.1445
27999	0.1445
28009	0.1445
28019	0.1441
28029	0.1452
28039	0.1454
28049	0.1451
28059	0.1461
28069	0.1469
28079	0.1478
28089	0.1495
28099	0.1505
28109	0.1527
28119	0.1544
28129	0.1546
28139	0.1543
28149	0.1543
28159	0.1561
28169	0.1558
28179	0.1582
28189	0.1583
28199	0.1597
28209	0.1597
28219	0.1602
28229	0.1598
28239	0.1605
28249	0.1602
28259	0.1605
28269	0.1605
28279	0.1603
28289	0.1597
28299	0.1598
28309	0.1591
28319	0.1594
28329	0.1608
28339	0.1608
28349	0.1605
28359	0.1618
28369	0.1628
28379	0.1631
28389	0.1632
28399	0.1642
28409	0.1661
28419	0.1666
28429	0.1666
28439	0.1675
28449	0.1692
28459	0.1686
28469	0.1695
28479	0.1689
28489	0.1692
28499	0.1684
28509	0.1689
28519	0.1689
28529	0.1693
28539	0.1703
28549	0.1704
28559	0.1701
28569	0.1726
28579	0.173
28589	0.1719
28599	0.172
28609	0.173
28619	0.173
28629	0.1728
28639	0.1735
28649	0.1741
28659	0.1734
28669	0.1739
28679	0.1764
28689	0.1765
28699	0.1783
28709	0.179
28719	0.18
28729	0.1806
28739	0.1803
28749	0.1795
28759	0.1783
28769	0.1791
28779	0.1811
28789	0.1811
28799	0.1796
28809	0.1794
28819	0.18
28829	0.1797
28839	0.1813
28849	0.1808
28859	0.1833
28869	0.1829
28879	0.1826
28889	0.1835
28899	0.1856
28909	0.1821
28919	0.1855
28929	0.1867
28939	0.1863
28949	0.188
28959	0.1876
28969	0.1888
28979	0.1892
28989	0.19
28999	0.1903
29009	0.1927
29019	0.1933
29029	0.1919
29039	0.1933
29049	0.1933
29059	0.1927
29069	0.1932
29079	0.1917
29089	0.1903
29099	0.1911
29109	0.1912
29119	0.1939
29129	0.1949
29139	0.1973
29149	0.1993
29159	0.1987
29169	0.2
29179	0.1991
29189	0.2022
29199	0.2009
29209	0.2011
29219	0.2024
29229	0.2057
29239	0.205
29249	0.2071
29259	0.2066
29269	0.2064
29279	0.2074
29289	0.2082
29299	0.2087
29309	0.2104
29319	0.2111
29329	0.2094
29339	0.2109
29349	0.212
29359	0.2117
29369	0.2134
29379	0.2148
29389	0.2156
29399	0.216
29409	0.2177
29419	0.2183
29429	0.2185
29439	0.2171
29449	0.2173
29459	0.22
29469	0.2204
29479	0.2219
29489	0.2231
29499	0.2273
29509	0.2285
29519	0.2315
29529	0.2323
29539	0.2337
29549	0.2361
29559	0.2371
29569	0.2382
29579	0.2411
29589	0.2423
29599	0.2424
29609	0.2427
29619	0.2441
29629	0.2447
29639	0.2439
29649	0.2457
29659	0.2477
29669	0.2474
29679	0.2491
29689	0.2494
29699	0.25
29709	0.2502
29719	0.2528
29729	0.253
29739	0.2544
29749	0.2561
29759	0.2566
29769	0.2579
29779	0.26
29789	0.2614
29799	0.2662
29809	0.2676
29819	0.2685
29829	0.2695
29839	0.2702
29849	0.2716
29859	0.2705
29869	0.2723
29879	0.2738
29889	0.275
29899	0.2754
29909	0.2792
29919	0.2796
29929	0.2805
29939	0.2825
29949	0.284
29959	0.2853
29969	0.2846
29979	0.2872
29989	0.2882
29999	0.2909
30009	0.2902
30019	0.2924
30029	0.2953
30039	0.2963
30049	0.302
30059	0.3059
30069	0.3094
30079	0.3127
30089	0.3155
30099	0.319
30109	0.319
30119	0.3173
30129	0.3203
30139	0.3224
30149	0.3234
30159	0.3257
30169	0.3287
30179	0.3308
30189	0.3304
30199	0.3342
30209	0.3362
30219	0.3363
30229	0.3347
30239	0.3372
30249	0.3368
30259	0.3403
30269	0.3418
30279	0.3449
30289	0.3466
30299	0.3489
30309	0.3506
30319	0.3545
30329	0.3597
30339	0.3616
30349	0.3611
30359	0.3637
30369	0.362
30379	0.3628
30389	0.3665
30399	0.3676
30409	0.368
30419	0.3709
30429	0.3726
30439	0.3784
30449	0.3794
30459	0.3805
30469	0.3817
30479	0.3818
30489	0.3841
30499	0.3813
30509	0.381
30519	0.3798
30529	0.383
30539	0.382
30549	0.3833
30559	0.3878
30569	0.3871
30579	0.3888
30589	0.3916
30599	0.3941
30609	0.3978
30619	0.3963
30629	0.4001
30639	0.4011
30649	0.4003
30659	0.4028
30669	0.4051
30679	0.4048
30689	0.4057
30699	0.4068
30709	0.4112
30719	0.4125
30729	0.4146
30739	0.4159
30749	0.4156
30759	0.4198
30769	0.4221
30779	0.4219
30789	0.4243
30799	0.4234
30809	0.4266
30819	0.4295
30829	0.4318
30839	0.4341
30849	0.4358
30859	0.4403
30869	0.4402
30879	0.4426
30889	0.4444
30899	0.4472
30909	0.447
30919	0.4482
30929	0.4496
30939	0.45
30949	0.4509
30959	0.4511
30969	0.4548
30979	0.456
30989	0.458
30999	0.4574
31009	0.4596
31019	0.4575
31029	0.4573
31039	0.457
31049	0.4556
31059	0.4536
31069	0.4524
31079	0.454
31089	0.4559
31099	0.4531
31109	0.4552
31119	0.4558
31129	0.4557
31139	0.4552
31149	0.455
31159	0.4579
31169	0.4579
31179	0.4563
31189	0.4568
31199	0.4567
31209	0.4579
31219	0.4584
31229	0.4626
31239	0.4645
31249	0.4669
31259	0.4671
31269	0.4702
31279	0.472
31289	0.4749
31299	0.4767
31309	0.4776
31319	0.4743
31329	0.475
31339	0.4764
31349	0.4809
31359	0.4781
31369	0.4812
31379	0.4836
31389	0.4825
31399	0.4853
31409	0.4863
31419	0.4881
31429	0.4904
31439	0.4866
31449	0.4877
31459	0.4905
31469	0.4918
31479	0.4949
31489	0.4959
31499	0.4975
31509	0.5006
31519	0.504
31529	0.5059
31539	0.5091
31549	0.5079
31559	0.5083
31569	0.5102
31579	0.5084
31589	0.5099
31599	0.5097
31609	0.5102
31619	0.516
31629	0.5146
31639	0.5201
31649	0.5228
31659	0.5234
31669	0.5257
31679	0.5256
31689	0.5279
31699	0.5303
31709	0.528
31719	0.5294
31729	0.5325
31739	0.5366
31749	0.5412
31759	0.5421
31769	0.5414
31779	0.546
31789	0.5477
31799	0.5492
31809	0.5489
31819	0.5496
31829	0.5526
31839	0.5547
31849	0.5563
31859	0.5554
31869	0.558
31879	0.5606
31889	0.5619
31899	0.5625
31909	0.5664
31919	0.5676
31929	0.5701
31939	0.5745
31949	0.5762
31959	0.5784
31969	0.582
31979	0.5837
31989	0.5847
31999	0.5874
32009	0.5869
32019	0.5914
32029	0.5958
32039	0.6001
32049	0.6004
32059	0.6047
32069	0.6095
32079	0.6108
32089	0.6122
32099	0.6173
32109	0.6189
32119	0.6232
32129	0.6263
32139	0.6303
32149	0.6327
32159	0.633
32169	0.635
32179	0.639
32189	0.642
32199	0.6436
32209	0.6455
32219	0.6483
32229	0.6466
32239	0.6473
32249	0.6497
32259	0.6542
32269	0.6569
32279	0.6557
32289	0.6577
32299	0.6586
32309	0.6607
32319	0.6651
32329	0.6663
32339	0.6667
32349	0.6665
32359	0.6718
32369	0.6736
32379	0.6766
32389	0.6785
32399	0.6775
32409	0.6799
32419	0.6792
32429	0.6802
32439	0.683
32449	0.6855
32459	0.6836
32469	0.687
32479	0.6874
32489	0.6888
32499	0.6931
32509	0.6939
32519	0.6956
32529	0.6962
32539	0.6965
32549	0.7014
32559	0.7027
32569	0.7026
32579	0.7072
32589	0.7069
32599	0.7092
32609	0.7117
32619	0.7122
32629	0.7151
32639	0.7144
32649	0.7154
32659	0.7176
32669	0.718
32679	0.7189
32689	0.7214
32699	0.7198
32709	0.7225
32719	0.725
32729	0.7256
32739	0.7258
32749	0.7259
32759	0.7258
32769	0.7271
32779	0.7265
32789	0.727
32799	0.7288
32809	0.7299
32819	0.7306
32829	0.7293
32839	0.7294
32849	0.733
32859	0.7357
32869	0.7372
32879	0.7372
32889	0.7367
32899	0.7372
32909	0.7364
32919	0.7377
32929	0.7385
32939	0.7366
32949	0.7359
32959	0.7374
32969	0.7366
32979	0.7359
32989	0.7391
32999	0.7413
33009	0.7449
33019	0.7444
33029	0.7443
33039	0.7456
33049	0.7488
33059	0.7493
33069	0.7459
33079	0.7458
33089	0.745
33099	0.7429
33109	0.7448
33119	0.7427
33129	0.7432
33139	0.7432
33149	0.7462
33159	0.744
33169	0.7443
33179	0.7464
33189	0.7445
33199	0.7458
33209	0.748
33219	0.7515
33229	0.7523
33239	0.753
33249	0.7522
33259	0.7504
33269	0.7481
33279	0.7512
33289	0.7478
33299	0.7478
33309	0.7495
33319	0.7508
33329	0.7507
33339	0.7524
33349	0.7535
33359	0.7519
33369	0.7547
33379	0.754
33389	0.7547
33399	0.7574
33409	0.7566
33419	0.7581
33429	0.7564
33439	0.7587
33449	0.7597
33459	0.7633
33469	0.7634
33479	0.7662
33489	0.7675
33499	0.7677
33509	0.7671
33519	0.7654
33529	0.7647
33539	0.7647
33549	0.7628
33559	0.763
33569	0.7666
33579	0.7665
33589	0.7689
33599	0.769
33609	0.7666
33619	0.7673
33629	0.766
33639	0.7645
33649	0.7649
33659	0.7661
33669	0.7644
33679	0.7645
33689	0.764
33699	0.7662
33709	0.7666
33719	0.764
33729	0.763
33739	0.7632
33749	0.7639
33759	0.7629
33769	0.7657
33779	0.766
33789	0.7676
33799	0.7666
33809	0.7688
33819	0.7691
33829	0.7695
33839	0.7688
33849	0.768
33859	0.7653
33869	0.7648
33879	0.7647
33889	0.7673
33899	0.7686
33909	0.7684
33919	0.7698
33929	0.771
33939	0.7711
33949	0.7714
33959	0.7729
33969	0.7713
33979	0.7731
33989	0.7722
33999	0.7704
34009	0.7708
34019	0.7705
34029	0.7716
34039	0.7688
34049	0.7677
34059	0.7679
34069	0.7709
34079	0.7723
34089	0.7736
34099	0.773
34109	0.7714
34119	0.7746
34129	0.771
34139	0.7722
34149	0.7725
34159	0.7764
34169	0.7744
34179	0.7745
34189	0.7751
34199	0.7751
34209	0.7764
34219	0.7751
34229	0.7775
34239	0.7779
34249	0.7791
34259	0.7804
34269	0.7818
34279	0.7827
34289	0.7876
34299	0.787
34309	0.7872
34319	0.7875
34329	0.7877
34339	0.7878
34349	0.7872
34359	0.7902
34369	0.7885
34379	0.7871
34389	0.7869
34399	0.7861
34409	0.7869
34419	0.7861
34429	0.7874
34439	0.7868
34449	0.7863
34459	0.7855
34469	0.7849
34479	0.7852
34489	0.7833
34499	0.7814
34509	0.7821
34519	0.7822
34529	0.7834
34539	0.7848
34549	0.7859
34559	0.7855
34569	0.7847
34579	0.7835
34589	0.7826
34599	0.7839
34609	0.7852
34619	0.7843
34629	0.7854
34639	0.7878
34649	0.7901
34659	0.7903
34669	0.7921
34679	0.7962
34689	0.7981
34699	0.7973
34709	0.7987
34719	0.8006
34729	0.8019
34739	0.8015
34749	0.8031
34759	0.8057
34769	0.8054
34779	0.806
34789	0.806
34799	0.8071
34809	0.808
